,Bangladesh,New Zealand,Bosnia And Herzegovina,Switzerland,Chile,Mexico,India,Malaysia,Ghana,Netherlands,Spain,Finland,Portugal,Brazil,South Africa,Kuwait,Cameroon,Denmark,Canada,Cyprus,Pakistan,Iceland,Oman,Slovenia,Morocco,Poland,Iran,United Kingdom,Trinidad And Tobago,Greece,United Arab Emirates,Turkiye,Ireland,Philippines,Colombia,Lebanon,Belgium,Egypt,Indonesia,Costa Rica,Kazakhstan,France,Qatar,Tunisia,Singapore,Luxembourg,Peru,Austria,Russian Federation,Vietnam,Romania,Saudi Arabia,Sweden,Jordan,Lithuania,Hungary,Australia,Argentina,Germany,Italy,Nigeria,Israel,China,Thailand,Japan,Czech Republic,South Korea,Norway,USA
Bangladesh,4.960947026752875,9.34232869968816,0.0,8.935338629908404,9.79192506658038,9.624087092668647,7.259776008850066,7.860741229940075,9.193352084707325,8.94268521539151,9.066639848563533,8.762441815403006,9.122859066405594,9.654454876220983,9.066689723374303,8.35300204100668,9.072118567978803,8.86828137845024,9.410211202176843,8.629895430546801,7.606296883439385,9.067347560961313,8.079692066302076,8.864880588076918,9.12564376837573,8.789396737159088,0.0,8.988683215429734,0.0,8.768313867595085,8.200716779113732,8.635651021569817,9.029245382640713,8.120823296176802,9.711498011025583,8.595497404167439,8.952138393166887,0.0,8.234128177261367,9.695004755245584,8.149279326748898,8.976741099620696,8.274846433117592,8.939203470202163,7.96825474722378,8.939596304830262,9.808113120667684,8.841007221338394,8.621265778049423,0.0,,8.39150615125205,8.819815648420587,8.590630996200822,8.747276606076097,8.81258908569734,9.107531819510793,9.728443450712403,8.864667256792263,8.897205644841867,9.096021852945373,8.610591544844606,8.01837452806485,7.338641189770455,8.497718382381779,0.0,0.0,8.878870243924087,9.468603159953362
New Zealand,9.34232869968816,5.272800564406748,0.0,9.852544196912865,9.120240156706256,9.324327768856502,9.454152058279648,9.097015894660325,9.661140157119295,9.845170703262994,9.882579494476435,9.76207432253569,9.869692891699142,9.398509796611739,9.352715418956837,9.622705619274527,9.631934046013898,9.811757058006522,9.592673998294925,9.718025670076944,9.503781330167586,9.77487376294289,9.537864118591198,9.82435180844675,9.846093052006381,9.793346740557162,0.0,9.859908636196893,0.0,9.771287273586575,9.565911907383562,9.734022199464127,9.853445054523915,9.050030882220758,9.3905505346789,9.703343718258246,9.852816695972905,0.0,8.96172848852898,9.36537209214482,9.58234176357934,9.865987118853266,9.585562056876674,9.825071313112373,9.061192822261512,9.851595131339527,9.256818341272595,9.815874721982288,9.72761455899322,0.0,,9.608446468860498,9.783497771306786,9.694314704881494,9.773851420666187,9.80523559995819,7.782176801531302,9.182877906883675,9.819380680657481,9.82941842578176,9.677088708501246,9.700478681225633,9.309373612580632,9.197524397084399,9.166987260212926,0.0,0.0,9.797668042667684,9.562392045049268
Bosnia And Herzegovina,0.0,0.0,0.0,0.0,0.0,0.0,0.0,0.0,0.0,0.0,0.0,0.0,0.0,0.0,0.0,0.0,0.0,0.0,0.0,0.0,0.0,0.0,0.0,0.0,0.0,0.0,0.0,0.0,0.0,0.0,0.0,0.0,0.0,0.0,0.0,0.0,0.0,0.0,0.0,0.0,0.0,0.0,0.0,0.0,0.0,0.0,0.0,0.0,0.0,0.0,0.0,0.0,0.0,0.0,0.0,0.0,0.0,0.0,0.0,0.0,0.0,0.0,0.0,0.0,0.0,0.0,0.0,0.0,0.0
Switzerland,8.935338629908404,9.852544196912865,0.0,4.336333550846142,9.381453515196009,9.17372462295577,8.74017881025977,9.218863942917059,8.448122388321268,6.442579974593042,7.05022398953545,7.527987621474564,7.394477126759452,9.093387816375754,9.030610533776281,8.292888966781275,8.479098516044385,6.94071411977885,8.714286440897004,7.833303824747209,8.630028183448196,7.869917252446446,8.557897803047391,6.309868458803732,7.534905809183942,7.038776523820059,0.0,6.618353996201488,0.0,7.41616859547315,8.482754322997973,7.68966397081954,7.093369741539385,9.261354727463896,9.112802953716669,7.925225839608339,6.18919900422016,0.0,9.325692900786775,9.139906748819094,8.421637341437465,6.077820667797418,8.424962106330629,7.046769985724536,9.249481274252354,5.736158018128964,9.267222469866617,6.529254591197772,7.739096651900014,0.0,,8.357940920574542,7.34375476508297,7.985478230098309,7.324488660956101,6.779193687839232,9.717908295193169,9.324963754515188,6.627121508786773,6.540538103337198,8.34375462379169,7.954208986729555,8.997674735090726,9.119762278171343,9.177878542024315,0.0,0.0,7.2857662817528634,8.795306933043548
Chile,9.79192506658038,9.120240156706256,0.0,9.381453515196009,5.790692929886735,8.798050477906513,9.737228697048954,9.714873439069148,9.056135607353035,9.39492270462281,9.27941017383725,9.51055310672708,9.234255121133613,8.012331746523584,9.129881661118652,9.566220900450492,9.162325277362726,9.444984734695442,9.08233118955792,9.490295165762223,9.722854369636483,9.3650080609883,9.616260709784916,9.416418330894498,9.214563442249055,9.47289461839596,0.0,9.366097189844336,0.0,9.439327615612646,9.592523205832489,9.501764434442292,9.348514097280301,9.777176317443157,8.359238652749115,9.49991340543374,9.38470871900906,0.0,9.655941159144016,8.525846047249244,9.705584634353306,9.364210155212831,9.576627272694349,9.347052450850885,9.705206721294411,9.38767451225909,7.811423885937998,9.435242376305256,9.557703091428568,0.0,,9.54378230758379,9.480706383062715,9.496525574677214,9.500051883722248,9.44699464111033,9.334905689209174,7.028482420945723,9.436886926501334,9.386305938860547,9.156064001057866,9.489349190265113,9.856389655674324,9.779017835773267,9.755415526865983,0.0,0.0,9.453077901369857,8.997256675220171
Mexico,9.624087092668647,9.324327768856502,0.0,9.17372462295577,8.798050477906513,6.268233411539125,9.59380932877244,9.719632019802447,9.281850472581862,9.130145202680964,9.113163060165247,9.196296314245638,9.069182946367059,8.830801018265433,9.589821467328948,9.515180401193339,9.39492436752439,9.161446617441454,8.191253611113307,9.405895642295986,9.551761769841004,8.917336832266365,9.593721412280784,9.22673720613753,9.108082150335324,9.229263200598279,0.0,9.098112328740411,0.0,9.332078243615786,9.573061500845315,9.372887701070685,9.045998723511474,9.56321590729437,8.035589419926643,9.425560616634856,9.133389454788807,0.0,9.732904429955545,7.566860035875442,9.402976879610005,9.127699032448369,9.556559948552275,9.244143552146879,9.718578049897236,9.151795585801358,8.3580154972989,9.226559133911554,9.281385802189162,0.0,,9.53933327944623,9.16928032829114,9.43972043575617,9.23558405221308,9.247178441194128,9.486885912816772,8.90891779636749,9.18391723539253,9.235507993683079,9.337733086410998,9.432510649813382,9.430854068251042,9.665296985558047,9.333653864203999,0.0,0.0,9.127757791554894,8.018927033003871
India,7.259776008850066,9.454152058279648,0.0,8.74017881025977,9.737228697048954,9.59380932877244,6.525002678007369,8.253860257940373,9.047598947139921,8.7583214048033,8.893167145661321,8.560414353630696,8.959628019554083,9.564620951711383,8.987290691255991,7.951023976610971,8.915186589018989,8.67461685205059,9.336961569099461,8.336907001856353,6.52703629422774,8.935959314191932,7.5684939306839745,8.651541025661578,8.959640483398495,8.569753952228753,0.0,8.812938071895985,0.0,8.519976115488404,7.746244888951106,8.348268613015335,8.865654556075313,8.467314685217415,9.634990923497678,8.290380165808621,8.767110933674044,0.0,8.516838928672602,9.634935332098372,7.846108044554707,8.793950303217493,7.851985638864787,8.734526616589418,8.331835189284602,8.749610250531152,9.728713243482819,8.62534708196712,8.376062943337654,0.0,,8.023930106120517,8.625908035020586,8.284354291738062,8.524561776588657,8.588544266819998,9.246079068400883,9.668898753537176,8.663121646925164,8.686466995294264,8.933966519909331,8.311260922566408,8.238804600475955,7.979238205261753,8.673805410596726,0.0,0.0,8.698126952333483,9.397633715596541
Malaysia,7.860741229940075,9.097015894660325,0.0,9.218863942917059,9.714873439069148,9.719632019802447,8.253860257940373,5.375227017474822,9.33292873243259,9.230290047283804,9.313317449500627,9.1028266509457,9.357120239700713,9.706285224217682,9.050591132754473,8.758292646273663,9.211724413748344,9.177151979734953,9.590406985084265,8.968807901109935,8.41404866308829,9.328122518743282,8.54841216820314,9.164262925059973,9.351343283161368,9.116938729754805,0.0,9.264818140539331,0.0,9.076568378981142,8.629628084552852,8.986933285939749,9.297628460677595,7.812322761311154,9.85731952256606,8.940370377130467,9.236127020037786,0.0,7.068338937049594,9.82228563156774,8.706779131900332,9.25305497438372,8.682527783213892,9.204311333795726,5.754295915036647,9.22529006634824,9.853583292992852,9.149625889872434,9.003372043541145,0.0,,8.755810799581749,9.143649776787552,8.929844285040433,9.089253509689998,9.127767023263335,8.78449279549649,9.678508567844142,9.172011620906423,9.181727088590769,9.25513590153933,8.944428532298371,8.37909068142125,7.0792880118191475,8.580936709122309,0.0,0.0,9.186884521779817,9.639348814621448
Ghana,9.193352084707325,9.661140157119295,0.0,8.448122388321268,9.056135607353035,9.281850472581862,9.047598947139921,9.33292873243259,5.213311613313433,8.562212062715732,8.267724401753211,8.770047455763061,8.242866076535936,8.659052064130208,8.443610373652499,8.650026140185627,7.184474478132619,8.647099421070488,9.041122466121394,8.469165926165408,9.004213708641826,8.817270968692236,8.795412482643213,8.46136140310174,8.084103308628947,8.62184667718733,0.0,8.539776850018333,0.0,8.378115245062457,8.731627406325035,8.528975308869986,8.584146170403148,9.485806887386095,9.022699452424607,8.486432495189396,8.528754896575544,0.0,9.389133210159347,9.130729254487536,9.019941803770001,8.482040926890733,8.687438455767957,8.20010318000914,9.355660750625654,8.505017770886091,9.073389195694373,8.517970888931115,8.782209934948753,0.0,,8.602445321838688,8.730272346172034,8.470533146930144,8.687707314007577,8.520983399494177,9.646849909626551,8.930682684524683,8.589904846315454,8.35151681182691,6.81686380231406,8.452171993809118,9.378531732772542,9.30789711727053,9.534650376149665,0.0,0.0,8.719741958560842,9.045756724178531
Netherlands,8.94268521539151,9.845170703262994,0.0,6.442579974593042,9.39492270462281,9.130145202680964,8.7583214048033,9.230290047283804,8.562212062715732,4.343248773447209,7.300719914053485,7.316895625121598,7.529429551018268,9.11835950385806,9.102968167562029,8.376828907669932,8.600153239511,6.434504944889563,8.637392860216641,7.98923497264326,8.646757048771438,7.612156395777956,8.615994905079555,6.89418136888833,7.715980952328367,6.997229370998203,0.0,5.886978648860817,0.0,7.679210740890574,8.55078578870376,7.8383488360466105,6.629002422163375,9.249492813568246,9.096875549402922,8.06645934164614,5.153484061523946,0.0,9.337998048052528,9.112611659878993,8.394297835089219,6.058929017852017,8.500588696638117,7.4823672035388995,9.260100541728525,5.763147951140589,9.26317188270215,6.840314202837746,7.675652261393336,0.0,,8.448844112650272,7.0290255604559935,8.124490101226245,7.223079025897667,7.0439465061085205,9.719819489609542,9.347206822108832,6.35932626016525,7.168344892765122,8.478284989426255,8.100550445621892,8.965863499952142,9.12534496155973,9.13813273150943,0.0,0.0,6.820187201609055,8.731796538780843
Spain,9.066639848563533,9.882579494476435,0.0,7.05022398953545,9.27941017383725,9.113163060165247,8.893167145661321,9.313317449500627,8.267724401753211,7.300719914053485,5.589270582969858,7.99030424044927,6.2164509992368355,8.95461396808583,8.995912602644472,8.478327199341994,8.377350955817665,7.637705348266017,8.64740515582979,8.098054828967312,8.802615713004597,7.97063710315333,8.706848126474855,7.378105723080648,6.636802488484233,7.737618463405026,0.0,7.141545156512303,0.0,7.771869379072693,8.636693329785377,8.035197949318123,7.279481580791563,9.364367044114806,9.000483288337891,8.16760734604964,7.182838315857403,0.0,9.408232574636093,9.045927061035107,8.647226748741218,6.960969926388265,8.583527037493111,7.149787314400732,9.341380037826339,7.155578174506011,9.161314294981509,7.502185934726393,8.145926590887985,0.0,,8.512360934847868,7.8620767855443,8.20289523807873,7.888478526375466,7.5896923605140945,9.77516997290732,9.216903785576159,7.53536557353745,7.2201982543753775,8.199613128538436,8.17362681075416,9.130463375571775,9.229524180392469,9.285208483722016,0.0,0.0,7.779375788061125,8.714732206464046
Finland,8.762441815403006,9.76207432253569,0.0,7.527987621474564,9.51055310672708,9.196296314245638,8.560414353630696,9.1028266509457,8.770047455763061,7.316895625121598,7.99030424044927,5.385484939671748,8.120582169940699,9.270836985599919,9.1654526234682,8.25223600823861,8.759152687336886,6.785177504414599,8.745516106638414,7.953352089400625,8.420153296516911,7.793403281377813,8.481280377127902,7.444729235751016,8.217518156692767,6.814859202883189,0.0,7.510391146734462,0.0,7.809965341888253,8.427337846909277,7.7466412873076775,7.615174625914324,9.097806298881258,9.22261374505042,8.013575527778455,7.409488895429901,0.0,9.22569291624581,9.21829862094123,8.00996409239465,7.555454155133789,8.38565364232507,7.93678916763206,9.135344698239663,7.421556271943866,9.380038419824654,7.270878488100216,6.794225597476752,0.0,,8.36429745714863,5.986181114325438,8.082964653673859,6.408324157273351,7.284809938571489,9.63085959612301,9.470494503590675,7.006895387962886,7.697647064611858,8.676355463638018,8.072119102788772,8.752561712353016,8.973684311528531,8.965724302373598,0.0,0.0,6.673596406163481,8.845515449862106
Portugal,9.122859066405594,9.869692891699142,0.0,7.394477126759452,9.234255121133613,9.069182946367059,8.959628019554083,9.357120239700713,8.242866076535936,7.529429551018268,6.2164509992368355,8.120582169940699,4.739051392420628,8.893918575080368,9.007103976808548,8.572975236272589,8.391503656609013,7.815396713292155,8.592678329127718,8.23385102128343,8.875223096979727,7.990431933887644,8.782848496003917,7.6481714673395755,6.330854309323688,7.92314572855601,0.0,7.367134544015249,0.0,7.956397257382267,8.717238091109055,8.183987812798819,7.402342368519886,9.405089387028106,8.938054500742982,8.294148385226567,7.445064690713489,0.0,9.447702360527948,8.989592947655451,8.72750922072965,7.281289306553697,8.667818177569199,7.445375499742539,9.3840011993568,7.445284954452454,9.107271118260643,7.7403452205495045,8.272146508290039,0.0,,8.600334907583319,8.003351691129698,8.323255224629733,8.046747544495082,7.812550995592205,9.80200340294299,9.171792248583689,7.746943775752765,7.530501990711789,8.207897348538275,8.296935222800872,9.177365632057079,9.277492350058155,9.319767706902919,0.0,0.0,7.915621224349622,8.655292535048453
Brazil,9.654454876220983,9.398509796611739,0.0,9.093387816375754,8.012331746523584,8.830801018265433,9.564620951711383,9.706285224217682,8.659052064130208,9.11835950385806,8.95461396808583,9.270836985599919,8.893918575080368,7.000658929051603,8.974642088798813,9.343895264324585,8.838690576825249,9.18442730994027,8.904667294249649,9.235320748036724,9.535058079728792,9.123588415879498,9.422657528805518,9.136941809670242,8.860311579080275,9.213958817498893,0.0,9.08226015181986,0.0,9.1654770974732,9.389106448869217,9.247115790138798,9.066463304074468,9.843328228701795,8.231219791684772,9.249442808904337,9.103275849767924,0.0,9.70052768335846,8.498789680899549,9.504052725678998,9.074840185405266,9.366175061634035,9.041587344927361,9.713553292507324,9.104850625746224,8.06200250677688,9.162712771767316,9.323014378742235,0.0,,9.323826187794683,9.233590969753013,9.247286384574075,9.250371333712485,9.177068346245388,9.55185700705637,7.763555605032488,9.169722002556263,9.095286359147261,8.806105007423367,9.237503102044636,9.737907471904157,9.71892448543392,9.780935663954613,0.0,0.0,9.20206673967804,8.823859320932865
South Africa,9.066689723374303,9.352715418956837,0.0,9.030610533776281,9.129881661118652,9.589821467328948,8.987290691255991,9.050591132754473,8.443610373652499,9.102968167562029,8.995912602644472,9.1654526234682,9.007103976808548,8.974642088798813,6.029314609810495,8.776826807978985,8.230368084997485,9.124836294802854,9.478490175581644,8.824297083371997,9.004384389514536,9.297202237789573,8.763294544088534,9.000886562087548,8.937672618402488,9.071952405264014,0.0,9.10869295423024,0.0,8.86905468928844,8.741584923428716,8.89886739360768,9.149364244638921,9.30434424438695,9.356332432019789,8.806506882054826,9.086901082332902,0.0,9.056374408421156,9.45116587216424,9.164250882699136,9.070251756249094,8.732771558751637,8.883834169055145,9.064498891603789,9.067007501419347,9.298256922505942,9.025813745802722,9.117488188821472,0.0,,8.691440068889062,9.160453666825376,8.775208474296052,9.09988489903845,9.012155373496858,9.289888803669317,9.00517621825709,9.085779820760635,8.948635679942964,8.412870137408916,8.775242003854563,9.365169964147436,9.101750202150935,9.511703431483827,0.0,0.0,9.176319778732577,9.475808276704155
Kuwait,8.35300204100668,9.622705619274527,0.0,8.292888966781275,9.566220900450492,9.515180401193339,7.951023976610971,8.758292646273663,8.650026140185627,8.376828907669932,8.478327199341994,8.25223600823861,8.572975236272589,9.343895264324585,8.776826807978985,3.9161522682756433,8.471663675550637,8.30585715620964,9.206073582161226,7.327356664105518,7.794412853850501,8.722715679691595,7.118694256545781,8.146167480319017,8.54868100570354,8.125223804997406,0.0,8.445370820669112,0.0,7.798385580080953,6.728350344706576,7.504555092044514,8.536604761867498,8.93524396670756,9.463701925687493,7.15983685737258,8.373282173519168,0.0,8.910757093618038,9.494378814463127,8.044086833682897,8.392813394899614,6.351268714914793,8.187668325828756,8.806307238103349,8.335062256452787,9.55100096801877,8.136408793388586,8.023399366279671,0.0,,6.283007407118932,8.30177224388809,7.082452007178629,8.118355473561758,8.071560562073447,9.455971570144175,9.489961038432414,8.249331785313618,8.152305183844245,8.477333025856838,7.171530854773436,8.736416107072897,8.640396886493736,9.02559303535595,0.0,0.0,8.388247838247482,9.262922385608256
Cameroon,9.072118567978803,9.631934046013898,0.0,8.479098516044385,9.162325277362726,9.39492436752439,8.915186589018989,9.211724413748344,7.184474478132619,8.600153239511,8.377350955817665,8.759152687336886,8.391503656609013,8.838690576825249,8.230368084997485,8.471663675550637,5.5581700180161056,8.660070970179792,9.158550322647377,8.330029048204747,8.877452264682958,8.885981590313897,8.614869116092656,8.45692882969834,8.25850510153122,8.60478658233623,0.0,8.59666607523253,0.0,8.293708832033555,8.543613091873455,8.42352889640014,8.655594208152054,9.391852434551415,9.169945473737325,8.334046734485698,8.570167162674855,0.0,9.27244061041705,9.264164511072801,8.939914026089943,8.53419149812162,8.495619136067418,8.208879748355383,9.236629757825806,8.540348036882726,9.2054347591089,8.509089444576889,8.737299494959597,0.0,,8.395483983422228,8.7324743953219,8.302753154398411,8.664489116717588,8.499380686512161,9.578313352066571,9.042698814784817,8.59807468567147,8.35095228512481,6.637775197661931,8.286563942044712,9.305855985223067,9.190705972528905,9.479071249560299,0.0,0.0,8.738818630981708,9.17157282812618
Denmark,8.86828137845024,9.811757058006522,0.0,6.94071411977885,9.444984734695442,9.161446617441454,8.67461685205059,9.177151979734953,8.647099421070488,6.434504944889563,7.637705348266017,6.785177504414599,7.815396713292155,9.18442730994027,9.124836294802854,8.30585715620964,8.660070970179792,4.357739449261804,8.685015980550402,7.929457365221809,8.55131496550785,7.655098935616491,8.549776928488889,6.981760102959126,7.94907667444706,6.505646382489663,0.0,6.866509861497696,0.0,7.666472479751521,8.486648413260154,7.7400111451132085,7.1232681908774325,9.188666787530707,9.153112238058787,8.005640303257596,6.64269212578871,0.0,9.291153244535053,9.160487723570222,8.247599860095793,6.9349900234690764,8.43789735476509,7.651466287933996,9.208185552018321,6.687379518797757,9.315015652914314,6.766802587947099,7.356511012033564,0.0,,8.395689517762545,6.26108530404984,8.072412141620699,6.703814420137231,6.919664086806273,9.683615518967214,9.400090104765383,5.866427546197734,7.33569004293724,8.55559222092611,8.052385957491955,8.882996187635698,9.062864664868172,9.071369756419353,0.0,0.0,6.1847977525462,8.782536245650213
Canada,9.410211202176843,9.592673998294925,0.0,8.714286440897004,9.08233118955792,8.191253611113307,9.336961569099461,9.590406985084265,9.041122466121394,8.637392860216641,8.64740515582979,8.745516106638414,8.592678329127718,8.904667294249649,9.478490175581644,9.206073582161226,9.158550322647377,8.685015980550402,7.080023132913555,9.057780392979925,9.276889058876108,8.259395046340623,9.311863935940563,8.794142725670435,8.673503195367072,8.792091954417774,0.0,8.587614189311708,0.0,8.955692092584234,9.283879825410901,9.008013027250325,8.498185484087445,9.483680336323483,8.4206719385589,9.085166528964931,8.644864773838973,0.0,9.658533496989316,8.300055071347693,9.085939851485064,8.639979335073889,9.26198550446145,8.842037080100763,9.604786998961742,8.675679601224425,8.764576257565581,8.790740385495324,8.87761225737413,0.0,,9.24058146567581,8.699643906535563,9.10608324735851,8.802604136810274,8.8220407404664,9.68800210296374,9.11388949182052,8.721762260155701,8.815492599946507,9.075208384797637,9.096694068233784,9.255210481810204,9.505921415254386,9.242867579673678,0.0,0.0,8.631288011738276,6.602645556741087
Cyprus,8.629895430546801,9.718025670076944,0.0,7.833303824747209,9.490295165762223,9.405895642295986,8.336907001856353,8.968807901109935,8.469165926165408,7.98923497264326,8.098054828967312,7.953352089400625,8.23385102128343,9.235320748036724,8.824297083371997,7.327356664105518,8.330029048204747,7.929457365221809,9.057780392979925,3.5884133302446584,8.197661804835587,8.493329914831671,7.921598402296988,7.5982334007716155,8.205246568075934,7.668646151128601,0.0,8.078265814443913,0.0,6.819644570676477,7.7617113527608845,6.2800847418853785,8.210823453866851,9.090942683469196,9.33894728422627,5.495008928475785,7.974180063397002,0.0,9.096357792927257,9.373042384713198,8.165050248145354,7.991101972440774,7.6313977163770055,7.643249051273156,9.008085989810647,7.912007436406836,9.444360557665222,7.609836928047121,7.747886088738614,0.0,,7.462068461493383,7.9766712992940025,6.061969375012553,7.723494800815375,7.504156950144898,9.568393765416713,9.416668940536306,7.821376851818558,7.579597103714746,8.275880832395448,5.901784886140067,8.86452453960083,8.86435848158939,9.11259633273742,0.0,0.0,8.071596475416117,9.118439753007593
Pakistan,7.606296883439385,9.503781330167586,0.0,8.630028183448196,9.722854369636483,9.551761769841004,6.52703629422774,8.41404866308829,9.004213708641826,8.646757048771438,8.802615713004597,8.420153296516911,8.875223096979727,9.535058079728792,9.004384389514536,7.794412853850501,8.877452264682958,8.55131496550785,9.276889058876108,8.197661804835587,5.867637627676222,8.842321615310663,7.49631331296928,8.531903265805521,8.879166215708509,8.433445428494476,0.0,8.70779966663098,0.0,8.396492277891683,7.642034326047055,8.19578279366353,8.76526753183259,8.564844802918591,9.589852940786221,8.14964708421685,8.657322370699493,0.0,8.643223017515412,9.589428649995588,7.577000571746445,8.688215484622884,7.735064403327431,8.63487257725672,8.48042297733608,8.63859101916565,9.69110464724541,8.500229925316205,8.204846225989893,0.0,,7.916559921104054,8.495153287281601,8.150873889809768,8.379784577789517,8.459172476489782,9.307094054882963,9.656448898660868,8.539743804245143,8.575601335129507,8.886137873312574,8.180343843697573,8.264331652691196,8.172664468286028,8.69620093024213,0.0,0.0,8.577052343865146,9.340733344909658
Iceland,9.067347560961313,9.77487376294289,0.0,7.869917252446446,9.3650080609883,8.917336832266365,8.935959314191932,9.328122518743282,8.817270968692236,7.612156395777956,7.97063710315333,7.793403281377813,7.990431933887644,9.123588415879498,9.297202237789573,8.722715679691595,8.885981590313897,7.655098935616491,8.259395046340623,8.493329914831671,8.842321615310663,4.792532350878395,8.88352889953528,8.006338567229738,8.162689602664374,7.927858488921977,0.0,7.545315222521853,0.0,8.334879394592175,8.842819682134138,8.391585749776187,7.312574178342396,9.27958187921737,8.96798405686211,8.53818139015458,7.665363477676373,0.0,9.426691305609168,8.947587892162865,8.557894346635718,7.711872562006621,8.811082807142828,8.22073297017072,9.352640828726042,7.749075882537345,9.17612007985299,7.969537940238336,8.106556131794555,0.0,,8.785166771141041,7.667689232715963,8.577454076500251,7.936466784135875,8.03201322188708,9.727149459068851,9.346257541370678,7.779489133670202,8.104092405577331,8.784639290691073,8.564615563441482,8.973344316222844,9.220727241195979,9.083463361189379,0.0,0.0,7.467140183123091,8.41596412953786
Oman,8.079692066302076,9.537864118591198,0.0,8.557897803047391,9.616260709784916,9.593721412280784,7.5684939306839745,8.54841216820314,8.795412482643213,8.615994905079555,8.706848126474855,8.481280377127902,8.782848496003917,9.422657528805518,8.763294544088534,7.118694256545781,8.614869116092656,8.549776928488889,9.311863935940563,7.921598402296988,7.49631331296928,8.88352889953528,5.155233638145512,8.446577575419893,8.761646155823152,8.412246367953772,0.0,8.672712933649734,0.0,8.208307366550756,6.084257014678553,8.013703262196932,8.744454652490038,8.792329848193097,9.554587307151294,7.832426397119827,8.615752632104861,0.0,8.729868541805718,9.582968189468112,8.089197157588174,8.634087832567056,6.609283472810488,8.48206764959083,8.606853988923039,8.587271526907257,9.62830437576703,8.434651664292234,8.285462374852711,0.0,,7.0987069886469705,8.53209934070203,7.788914461664403,8.39331516900764,8.386676905927281,9.354395693291414,9.53940452207238,8.512577354814368,8.455911653877909,8.64676390088018,7.833404087153428,8.640832644732772,8.41889302605686,8.955018352590244,0.0,0.0,8.606202654235537,9.366057823774973
Slovenia,8.864880588076918,9.82435180844675,0.0,6.309868458803732,9.416418330894498,9.22673720613753,8.651541025661578,9.164262925059973,8.46136140310174,6.89418136888833,7.378105723080648,7.444729235751016,7.6481714673395755,9.136941809670242,9.000886562087548,8.146167480319017,8.45692882969834,6.981760102959126,8.794142725670435,7.5982334007716155,8.531903265805521,8.006338567229738,8.446577575419893,3.980273067767346,7.717288519882667,6.726715300615617,0.0,7.1153838937026,0.0,7.0705405730017326,8.362853427046957,7.400863675492964,7.432411615962231,9.217474860876782,9.170802656583,7.712468878684095,6.820883128663661,0.0,9.27626855209029,9.197241454522436,8.324440620259304,6.872891126223621,8.29810938816172,6.991706645578463,9.19663477794007,6.602341593203515,9.314864337823767,5.627205199872345,7.56940095647869,0.0,,8.224749935832426,7.310331551754001,7.789854900021024,7.111227410392101,5.944438189017667,9.685403057588644,9.357099515869084,6.584728545107001,6.199175018733075,8.334365906763503,7.7537535810233535,8.951911423983292,9.06133234600753,9.149840404890025,0.0,0.0,7.353214519026872,8.871711471426265
Morocco,9.12564376837573,9.846093052006381,0.0,7.534905809183942,9.214563442249055,9.108082150335324,8.959640483398495,9.351343283161368,8.084103308628947,7.715980952328367,6.636802488484233,8.217518156692767,6.330854309323688,8.860311579080275,8.937672618402488,8.54868100570354,8.25850510153122,7.94907667444706,8.673503195367072,8.205246568075934,8.879166215708509,8.162689602664374,8.761646155823152,7.717288519882667,5.759278359111579,8.007544874352662,0.0,7.609453296709154,0.0,7.9286344685540575,8.692449850488071,8.17755711512841,7.672570815393323,9.41736348440995,8.952200273145381,8.263913060979563,7.6393940608040305,0.0,9.439026136813112,9.014692817170298,8.759398389686135,7.504861162536699,8.640640510244403,7.362953598514349,9.378292514802835,7.617851017855355,9.106150393194907,7.819567195921942,8.332417585906414,0.0,,8.565344294286632,8.118501491895364,8.286929350900612,8.127773366501756,7.874024801662445,9.788983696986985,9.143016428482406,7.868883994486344,7.55148162153971,8.044125994234745,8.2587931191458,9.20543887926284,9.278169099443689,9.353102158143367,0.0,0.0,8.056095387321424,8.72370609697746
Poland,8.789396737159088,9.793346740557162,0.0,7.038776523820059,9.47289461839596,9.229263200598279,8.569753952228753,9.116938729754805,8.62184667718733,6.997229370998203,7.737618463405026,6.814859202883189,7.92314572855601,9.213958817498893,9.071952405264014,8.125223804997406,8.60478658233623,6.505646382489663,8.792091954417774,7.668646151128601,8.433445428494476,7.927858488921977,8.412246367953772,6.726715300615617,8.007544874352662,5.348645870675102,0.0,7.28045198626008,0.0,7.377865777517147,8.338455923377824,7.404680741575372,7.510332029356891,9.148186312415886,9.21242619513382,7.7628342166879065,7.056730302463013,0.0,9.236791437581418,9.224468103940742,8.134919960602248,7.221235206677083,8.28145364255711,7.556149833534565,9.150304339407107,6.985244884107408,9.36095107920165,6.322250109488957,7.053090358192003,0.0,,8.233003945271793,6.695821413715205,7.848737842958554,5.975721523458954,6.304094077723024,9.653477558824687,9.421539269095783,6.245668685042213,7.184992240697369,8.508173435443926,7.826316231953187,8.846194590698056,8.99962279744468,9.058435734572807,0.0,0.0,6.96795910639467,8.879558156437607
Iran,0.0,0.0,0.0,0.0,0.0,0.0,0.0,0.0,0.0,0.0,0.0,0.0,0.0,0.0,0.0,0.0,0.0,0.0,0.0,0.0,0.0,0.0,0.0,0.0,0.0,0.0,0.0,0.0,0.0,0.0,0.0,0.0,0.0,0.0,0.0,0.0,0.0,0.0,0.0,0.0,0.0,0.0,0.0,0.0,0.0,0.0,0.0,0.0,0.0,0.0,0.0,0.0,0.0,0.0,0.0,0.0,0.0,0.0,0.0,0.0,0.0,0.0,0.0,0.0,0.0,0.0,0.0,0.0,0.0
United Kingdom,8.988683215429734,9.859908636196893,0.0,6.618353996201488,9.366097189844336,9.098112328740411,8.812938071895985,9.264818140539331,8.539776850018333,5.886978648860817,7.141545156512303,7.510391146734462,7.367134544015249,9.08226015181986,9.10869295423024,8.445370820669112,8.59666607523253,6.866509861497696,8.587614189311708,8.078265814443913,8.70779966663098,7.545315222521853,8.672712933649734,7.1153838937026,7.609453296709154,7.28045198626008,0.0,5.224857030786432,0.0,7.781075877403478,8.609543540695189,7.950864371416804,6.132120654815532,9.282211630263694,9.056099904784826,8.150179847049365,5.780063037405839,0.0,9.368947962149544,9.07423561394244,8.470927238742712,5.8375773742263855,8.5610410673364,7.510221996042963,9.293664459260896,6.202570739239683,9.228398340985882,7.121413183460835,7.828388568290411,0.0,,8.508625594146215,7.270710162756143,8.201483317476262,7.45561885078659,7.281843920564141,9.74108332234249,9.318968742375779,6.8417243380733215,7.2713040439890095,8.467507656522047,8.177813251520192,9.005939204726335,9.163822080149329,9.16683112418962,0.0,0.0,7.053675610794474,8.682935231109333
Trinidad And Tobago,0.0,0.0,0.0,0.0,0.0,0.0,0.0,0.0,0.0,0.0,0.0,0.0,0.0,0.0,0.0,0.0,0.0,0.0,0.0,0.0,0.0,0.0,0.0,0.0,0.0,0.0,0.0,0.0,0.0,0.0,0.0,0.0,0.0,0.0,0.0,0.0,0.0,0.0,0.0,0.0,0.0,0.0,0.0,0.0,0.0,0.0,0.0,0.0,0.0,0.0,0.0,0.0,0.0,0.0,0.0,0.0,0.0,0.0,0.0,0.0,0.0,0.0,0.0,0.0,0.0,0.0,0.0,0.0,0.0
Greece,8.768313867595085,9.771287273586575,0.0,7.41616859547315,9.439327615612646,9.332078243615786,8.519976115488404,9.076568378981142,8.378115245062457,7.679210740890574,7.771869379072693,7.809965341888253,7.956397257382267,9.1654770974732,8.86905468928844,7.798385580080953,8.293708832033555,7.666472479751521,8.955692092584234,6.819644570676477,8.396492277891683,8.334879394592175,8.208307366550756,7.0705405730017326,7.9286344685540575,7.377865777517147,0.0,7.781075877403478,0.0,4.9160110123434055,8.090806444151593,6.705930362107102,7.956904877385829,9.17348944067052,9.255927316071551,7.051644345227071,7.6445484627934395,0.0,9.193083220206546,9.292065970486549,8.287870337475736,7.6490857729481645,7.9982712137858245,7.090747444201323,9.111970476010823,7.552206315952577,9.37429681775216,7.1574239092357015,7.71136230150757,0.0,,7.876386057207803,7.786708355636039,7.169221447974898,7.528708577425601,7.0245983174239806,9.63034000690866,9.368318859249136,7.497734538391152,6.95693679513482,8.191926101997153,7.0905050774008895,8.938982596857045,8.978456863261234,9.160938445718477,0.0,0.0,7.86572715620076,9.019154442463021
United Arab Emirates,8.200716779113732,9.565911907383562,0.0,8.482754322997973,9.592523205832489,9.573061500845315,7.746244888951106,8.629628084552852,8.731627406325035,8.55078578870376,8.636693329785377,8.427337846909277,8.717238091109055,9.389106448869217,8.741584923428716,6.728350344706576,8.543613091873455,8.486648413260154,9.283879825410901,7.7617113527608845,7.642034326047055,8.842819682134138,6.084257014678553,8.362853427046957,8.692449850488071,8.338455923377824,0.0,8.609543540695189,0.0,8.090806444151593,4.689410226369419,7.882044316332938,8.687007524624388,8.854319642563881,9.523723085372364,7.654479244778791,8.548686044505219,0.0,8.79683109613106,9.555049307948883,8.104842733597728,8.565894780234418,5.716842157878296,8.390936984618886,8.683533051851223,8.517109987954925,9.599131234295953,8.353695430077666,8.226625626599276,0.0,,6.652327789363783,8.475616120230667,7.5965103282392,8.325517541184254,8.301704516632421,9.38954541080238,9.514673050496942,8.44281613690926,8.367294525617895,8.572206428230565,7.649689290372625,8.693903534756231,8.510731559968283,8.995027208002144,0.0,0.0,8.551580511753881,9.337776224485859
Turkiye,8.635651021569817,9.734022199464127,0.0,7.68966397081954,9.501764434442292,9.372887701070685,8.348268613015335,8.986933285939749,8.528975308869986,7.8383488360466105,8.035197949318123,7.7466412873076775,8.183987812798819,9.247115790138798,8.89886739360768,7.504555092044514,8.42352889640014,7.7400111451132085,9.008013027250325,6.2800847418853785,8.19578279366353,8.391585749776187,8.013703262196932,7.400863675492964,8.17755711512841,7.404680741575372,0.0,7.950864371416804,0.0,6.705930362107102,7.882044316332938,5.806063754329221,8.097187073393545,9.084951963651838,9.32298757512696,6.571968927088208,7.82986107057619,0.0,9.116336568490611,9.350178833162833,8.075231408590893,7.863518999877648,7.777428504755072,7.60036681611075,9.025626716393877,7.762671332818004,9.439073870383424,7.379813047039433,7.4936212115694865,0.0,,7.668806405030928,7.781234121140498,6.835652756108534,7.458914265907521,7.2372216028364855,9.582772516593948,9.43366550680311,7.620060761658309,7.450904229682055,8.358011745143756,6.791385381874977,8.830803941483458,8.873821354260752,9.07994645233186,0.0,0.0,7.901964371393721,9.07482358118098
Ireland,9.029245382640713,9.853445054523915,0.0,7.093369741539385,9.348514097280301,9.045998723511474,8.865654556075313,9.297628460677595,8.584146170403148,6.629002422163375,7.279481580791563,7.615174625914324,7.402342368519886,9.066463304074468,9.149364244638921,8.536604761867498,8.655594208152054,7.1232681908774325,8.498185484087445,8.210823453866851,8.76526753183259,7.312574178342396,8.744454652490038,7.432411615962231,7.672570815393323,7.510332029356891,0.0,6.132120654815532,0.0,7.956904877385829,8.687007524624388,8.097187073393545,4.602326747245028,9.301846051109703,9.012866151229959,8.273902798570925,6.653673152727677,0.0,9.399188914910427,9.026257785479245,8.523562265733393,6.656987544094305,8.642916883115788,7.71192849578641,9.325257081419426,6.859824115765723,9.19670918808762,7.427736462408782,7.9382011402785455,0.0,,8.596259422491642,7.397038727315026,8.319804127727883,7.626879612610621,7.547499045680688,9.75588621222036,9.306828948107842,7.184001207306695,7.543131917213241,8.529099825282003,8.299013798255102,9.022909344038073,9.197119560928096,9.169414726250993,0.0,0.0,7.144419019240798,8.60315086345374
Philippines,8.120823296176802,9.050030882220758,0.0,9.261354727463896,9.777176317443157,9.56321590729437,8.467314685217415,7.812322761311154,9.485806887386095,9.249492813568246,9.364367044114806,9.097806298881258,9.405089387028106,9.843328228701795,9.30434424438695,8.93524396670756,9.391852434551415,9.188666787530707,9.483680336323483,9.090942683469196,8.564844802918591,9.27958187921737,8.792329848193097,9.217474860876782,9.41736348440995,9.148186312415886,0.0,9.282211630263694,0.0,9.17348944067052,8.854319642563881,9.084951963651838,9.301846051109703,5.327938788188169,9.755878678362187,9.071765195116171,9.26063416703065,0.0,7.934544982010204,9.689343385018718,8.69744594304108,9.282813580059534,8.893886602101238,9.28767078932896,7.7818793626944025,9.256305597379795,9.80164694583501,9.195566777867564,9.018855358662234,0.0,,8.958371972760034,9.141330000336104,9.07139721930123,9.110669086359,9.178967448210793,8.748349673282602,9.787046990358846,9.197405982244664,9.249366835494994,9.414449512840076,9.083468583451703,7.955186196823582,7.700754581819082,8.006214555944553,0.0,0.0,9.179179371900899,9.532012917150052
Colombia,9.711498011025583,9.3905505346789,0.0,9.112802953716669,8.359238652749115,8.035589419926643,9.634990923497678,9.85731952256606,9.022699452424607,9.096875549402922,9.000483288337891,9.22261374505042,8.938054500742982,8.231219791684772,9.356332432019789,9.463701925687493,9.169945473737325,9.153112238058787,8.4206719385589,9.33894728422627,9.589852940786221,8.96798405686211,9.554587307151294,9.170802656583,8.952200273145381,9.21242619513382,0.0,9.056099904784826,0.0,9.255927316071551,9.523723085372364,9.32298757512696,9.012866151229959,9.755878678362187,5.996205291998086,9.358771583928212,9.090895806743708,0.0,9.892039270313797,7.054435841111752,9.476842218678614,9.071960329337607,9.501389270303582,9.136500702287673,9.871191607735307,9.103998930923868,7.536520726112676,9.183859220903985,9.303748744490912,0.0,,9.46897538372438,9.185218442242393,9.367040655941631,9.23590285002631,9.204865512244906,9.572347375187322,8.456649453828586,9.159595137902453,9.156036550496063,9.114250087969683,9.357578644640867,9.611628769760836,9.794332067303914,9.565414234868435,0.0,0.0,9.141792544299685,8.24674417322391
Lebanon,8.595497404167439,9.703343718258246,0.0,7.925225839608339,9.49991340543374,9.425560616634856,8.290380165808621,8.940370377130467,8.486432495189396,8.06645934164614,8.16760734604964,8.013575527778455,8.294148385226567,9.249442808904337,8.806506882054826,7.15983685737258,8.334046734485698,8.005640303257596,9.085166528964931,5.495008928475785,8.14964708421685,8.53818139015458,7.832426397119827,7.712468878684095,8.263913060979563,7.7628342166879065,0.0,8.150179847049365,0.0,7.051644345227071,7.654479244778791,6.571968927088208,8.273902798570925,9.071765195116171,9.358771583928212,3.649444257960821,8.053441339025033,0.0,9.070488015513794,9.393175130392988,8.152257939159982,8.069978158393544,7.507199287808334,7.745844873118119,8.980701521805885,7.996475131787798,9.460202190174174,7.720007731769395,7.80036133013189,0.0,,7.311698563036598,8.042366751090661,5.380501318582287,7.803425256985815,7.624710290584773,9.551820050407935,9.425201720337919,7.908728645094775,7.696161274390887,8.291904090054775,5.346916083821252,8.85131566951594,8.835464069454531,9.104924299219533,0.0,0.0,8.135288640731577,9.144576887543998
Belgium,8.952138393166887,9.852816695972905,0.0,6.18919900422016,9.38470871900906,9.133389454788807,8.767110933674044,9.236127020037786,8.528754896575544,5.153484061523946,7.182838315857403,7.409488895429901,7.445064690713489,9.103275849767924,9.086901082332902,8.373282173519168,8.570167162674855,6.64269212578871,8.644864773838973,7.974180063397002,8.657322370699493,7.665363477676373,8.615752632104861,6.820883128663661,7.6393940608040305,7.056730302463013,0.0,5.780063037405839,0.0,7.6445484627934395,8.548686044505219,7.82986107057619,6.653673152727677,9.26063416703065,9.090895806743708,8.053441339025033,4.226025681646416,0.0,9.342795685835569,9.110128799949862,8.418860368023974,5.569810985203274,8.497111905298294,7.394193123691293,9.265914142042233,5.2354260214042645,9.255772523374016,6.818337335806396,7.723673036709505,0.0,,8.44168312910102,7.157514275984539,8.11044616199794,7.292632571614548,7.029954327462904,9.725241479664065,9.334923346665123,6.481795022840651,7.068941721112799,8.443163800790291,8.084951365478307,8.983542652313709,9.13351785724483,9.155172528576854,0.0,0.0,6.991887765941714,8.73598552991935
