,Pakistan,Slovenia,Greece,Lithuania,Tunisia,Argentina,India,Austria,Peru,Australia,Hungary,Lebanon,South Korea,Indonesia,Mauritius,Switzerland,Italy,Finland,United Kingdom,Vietnam,Turkiye,Denmark,Portugal,Netherlands,Mexico,Ireland,Sweden,Norway,Croatia,Spain,USA,Malaysia,South Africa,Belgium,Israel,Canada,Estonia,Japan,Kuwait,France,Jordan,Germany,North Macedonia,Colombia,Brazil,Egypt,Chile,Singapore,Ukraine,United Arab Emirates,Thailand,Nigeria,China,New Zealand,Kenya
Pakistan,5.867637627676222,8.531903265805521,8.396492277891683,8.379784577789517,8.63487257725672,9.656448898660868,6.52703629422774,8.500229925316205,9.69110464724541,9.307094054882963,8.459172476489782,8.14964708421685,0.0,8.643223017515412,8.735048866523458,8.630028183448196,8.575601335129507,8.420153296516911,8.70779966663098,0.0,8.19578279366353,8.55131496550785,8.875223096979727,8.646757048771438,9.551761769841004,8.76526753183259,8.495153287281601,8.577052343865146,8.509951835973613,8.802615713004597,9.340733344909658,8.41404866308829,9.004384389514536,8.657322370699493,8.180343843697573,9.276889058876108,8.417707164887512,8.69620093024213,7.794412853850501,8.688215484622884,8.150873889809768,8.539743804245143,8.42612012236648,9.589852940786221,9.535058079728792,0.0,9.722854369636483,8.48042297733608,8.272525396674899,7.642034326047055,8.172664468286028,8.886137873312574,8.264331652691196,9.503781330167586,8.600760143178245
Slovenia,8.531903265805521,3.980273067767346,7.0705405730017326,7.111227410392101,6.991706645578463,9.357099515869084,8.651541025661578,5.627205199872345,9.314864337823767,9.685403057588644,5.944438189017667,7.712468878684095,0.0,9.27626855209029,9.05365907617296,6.309868458803732,6.199175018733075,7.444729235751016,7.1153838937026,0.0,7.400863675492964,6.981760102959126,7.6481714673395755,6.89418136888833,9.22673720613753,7.432411615962231,7.310331551754001,7.353214519026872,4.765119165992783,7.378105723080648,8.871711471426265,9.164262925059973,9.000886562087548,6.820883128663661,7.7537535810233535,8.794142725670435,7.398897652326245,9.149840404890025,8.146167480319017,6.872891126223621,7.789854900021024,6.584728545107001,6.575895448840998,9.170802656583,9.136941809670242,0.0,9.416418330894498,9.19663477794007,7.152859128146326,8.362853427046957,9.06133234600753,8.334365906763503,8.951911423983292,9.82435180844675,8.649563184877769
Greece,8.396492277891683,7.0705405730017326,4.9160110123434055,7.528708577425601,7.090747444201323,9.368318859249136,8.519976115488404,7.1574239092357015,9.37429681775216,9.63034000690866,7.0245983174239806,7.051644345227071,0.0,9.193083220206546,8.905731309616929,7.41616859547315,6.95693679513482,7.809965341888253,7.781075877403478,0.0,6.705930362107102,7.666472479751521,7.956397257382267,7.679210740890574,9.332078243615786,7.956904877385829,7.786708355636039,7.86572715620076,6.984180991670372,7.771869379072693,9.019154442463021,9.076568378981142,8.86905468928844,7.6445484627934395,7.0905050774008895,8.955692092584234,7.776853769328193,9.160938445718477,7.798385580080953,7.6490857729481645,7.169221447974898,7.497734538391152,6.184730783460856,9.255927316071551,9.1654770974732,0.0,9.439327615612646,9.111970476010823,7.30123484660229,8.090806444151593,8.978456863261234,8.191926101997153,8.938982596857045,9.771287273586575,8.428317167962511
Lithuania,8.379784577789517,7.111227410392101,7.528708577425601,4.565543622488699,7.738878895806011,9.45181723637882,8.524561776588657,6.85539109560813,9.384899377979954,9.633882436259704,6.8143350820345,7.803425256985815,0.0,9.213024765765068,9.091101439516189,7.324488660956101,7.441936622094828,6.408324157273351,7.45561885078659,0.0,7.458914265907521,6.703814420137231,8.046747544495082,7.223079025897667,9.23558405221308,7.626879612610621,6.518383279345983,6.954990902145239,7.081382482519412,7.888478526375466,8.892996986695493,9.089253509689998,9.09988489903845,7.292632571614548,7.872251623256243,8.802604136810274,6.2689574483114985,9.011549619424605,8.118355473561758,7.438557632534648,7.888092535983673,6.709621850822094,7.272074034416072,9.23590285002631,9.250371333712485,0.0,9.500051883722248,9.123166145363637,6.380215074990866,8.325517541184254,8.96479744222402,8.578012805985056,8.789865377020831,9.773851420666187,8.751184413428021
Tunisia,8.63487257725672,6.991706645578463,7.090747444201323,7.738878895806011,5.02643777459969,9.275076998489588,8.734526616589418,7.217124965731175,9.26681805417091,9.702737631713509,7.237714207130234,7.745844873118119,0.0,9.306265817011486,8.993907876069287,7.046769985724536,6.389154842872241,7.93678916763206,7.510221996042963,0.0,7.60036681611075,7.651466287933996,7.445375499742539,7.4823672035388995,9.244143552146879,7.71192849578641,7.850685215411461,7.851442866123243,7.009370991609479,7.149787314400732,8.902149422892862,9.204311333795726,8.883834169055145,7.394193123691293,7.74379081394185,8.842037080100763,7.909029967350548,9.252213334036531,8.187668325828756,7.302380514045098,7.789748518737572,7.476000015936381,7.024600096872066,9.136500702287673,9.041587344927361,0.0,9.347052450850885,9.235494341539692,7.701961085326054,8.390936984618886,9.119432905988095,8.036930073132867,9.064920186895215,9.825071313112373,8.528084267748396
Argentina,9.656448898660868,9.357099515869084,9.368318859249136,9.45181723637882,9.275076998489588,6.438787113458758,9.668898753537176,9.37871174248341,8.05004149155112,9.370235662741846,9.389078850538663,9.425201720337919,0.0,9.631401888008815,9.299063449836328,9.324963754515188,9.321305552118325,9.470494503590675,9.318968742375779,0.0,9.43366550680311,9.400090104765383,9.171792248583689,9.347206822108832,8.90891779636749,9.306828948107842,9.440263291356802,9.414972845584852,9.36358406919046,9.216903785576159,9.036370958723042,9.678508567844142,9.00517621825709,9.334923346665123,9.412596900249616,9.11388949182052,9.466976724772428,9.818585222669528,9.489961038432414,9.312197257082307,9.419857909383477,9.387173561866996,9.37480510716561,8.456649453828586,7.763555605032488,0.0,7.028482420945723,9.673515112345875,9.460786979364999,9.514673050496942,9.734487666938664,9.041519509297682,9.867729278217281,9.182877906883675,9.251804720143152
India,6.52703629422774,8.651541025661578,8.519976115488404,8.524561776588657,8.734526616589418,9.668898753537176,6.525002678007369,8.62534708196712,9.728713243482819,9.246079068400883,8.588544266819998,8.290380165808621,0.0,8.516838928672602,8.67050380420025,8.74017881025977,8.686466995294264,8.560414353630696,8.812938071895985,0.0,8.348268613015335,8.67461685205059,8.959628019554083,8.7583214048033,9.59380932877244,8.865654556075313,8.625908035020586,8.698126952333483,8.631763783808726,8.893167145661321,9.397633715596541,8.253860257940373,8.987290691255991,8.767110933674044,8.311260922566408,9.336961569099461,8.558312485738526,8.673805410596726,7.951023976610971,8.793950303217493,8.284354291738062,8.663121646925164,8.55289946693107,9.634990923497678,9.564620951711383,0.0,9.737228697048954,8.331835189284602,8.430214032089431,7.746244888951106,7.979238205261753,8.933966519909331,8.238804600475955,9.454152058279648,8.601365759464644
Austria,8.500229925316205,5.627205199872345,7.1574239092357015,6.85539109560813,7.217124965731175,9.37871174248341,8.62534708196712,4.690609995378691,9.329840155399705,9.676069252488738,5.373715149395349,7.720007731769395,0.0,9.264248843804328,9.06433157356119,6.529254591197772,6.64302537860315,7.270878488100216,7.121413183460835,0.0,7.379813047039433,6.766802587947099,7.7403452205495045,6.840314202837746,9.226559133911554,7.427736462408782,7.12472782877268,7.209117598680379,5.600936572483894,7.502185934726393,8.872019808250352,9.149625889872434,9.025813745802722,6.818337335806396,7.7704536545975555,8.790740385495324,7.215503179383884,9.120531959655011,8.136408793388586,6.942295826456511,7.802321329597264,6.261369348594057,6.683471953371911,9.183859220903985,9.162712771767316,0.0,9.435242376305256,9.182331253354471,6.958908363540749,8.353695430077666,9.041973908338516,8.396079690913602,8.918384111516241,9.815874721982288,8.674907798617308
Peru,9.69110464724541,9.314864337823767,9.37429681775216,9.384899377979954,9.26681805417091,8.05004149155112,9.728713243482819,9.329840155399705,6.05538866078594,9.461967195900932,9.3468326269185,9.460202190174174,0.0,9.795979176320829,9.539444818684231,9.267222469866617,9.29426599291387,9.380038419824654,9.228398340985882,0.0,9.439073870383424,9.315015652914314,9.107271118260643,9.26317188270215,8.3580154972989,9.19670918808762,9.34693643868605,9.310931130406251,9.324648934189822,9.161314294981509,8.64340072997571,9.853583292992852,9.298256922505942,9.255772523374016,9.455287684237259,8.764576257565581,9.379344477189743,9.648957817836022,9.55100096801877,9.236798254828077,9.4638920734717,9.31598064849729,9.359989793466143,7.536520726112676,8.06200250677688,0.0,7.811423885937998,9.84298779792346,9.41680398332718,9.599131234295953,9.888975764035298,9.170559606022605,9.72114339548679,9.256818341272595,9.439805499953854
Australia,9.307094054882963,9.685403057588644,9.63034000690866,9.633882436259704,9.702737631713509,9.370235662741846,9.246079068400883,9.676069252488738,9.461967195900932,6.949680984189604,9.663522052287089,9.551820050407935,0.0,8.596125621421107,9.091525867038214,9.717908295193169,9.694756515177069,9.63085959612301,9.74108332234249,0.0,9.582772516593948,9.683615518967214,9.80200340294299,9.719819489609542,9.486885912816772,9.75588621222036,9.656651794308877,9.679903279118198,9.67833323097774,9.77516997290732,9.677963043991504,8.78449279549649,9.289888803669317,9.725241479664065,9.550998122813581,9.68800210296374,9.63258065344605,8.981968175087685,9.455971570144175,9.73732021096371,9.543343741887217,9.6854615094113,9.648310746295913,9.572347375187322,9.55185700705637,0.0,9.334905689209174,8.73514987415509,9.610001335243547,9.38954541080238,8.920590296011726,9.629390122910424,9.10701190142664,7.782176801531302,9.387453387840525
Hungary,8.459172476489782,5.944438189017667,7.0245983174239806,6.8143350820345,7.237714207130234,9.389078850538663,8.588544266819998,5.373715149395349,9.3468326269185,9.663522052287089,4.742519655471831,7.624710290584773,0.0,9.244500223622888,9.042525561670987,6.779193687839232,6.6987713799534525,7.284809938571489,7.281843920564141,0.0,7.2372216028364855,6.919664086806273,7.812550995592205,7.0439465061085205,9.247178441194128,7.547499045680688,7.184298544622898,7.302156069317377,5.710784238332077,7.5896923605140945,8.901424720905545,9.127767023263335,9.012155373496858,7.029954327462904,7.682848738888274,8.8220407404664,7.228256367379172,9.111505517798745,8.071560562073447,7.1286883890701995,7.716292857344235,6.53601470188242,6.463293072716994,9.204865512244906,9.177068346245388,0.0,9.44699464111033,9.161229956531786,6.798353385725658,8.301704516632421,9.018727827314693,8.391592099243137,8.902098521662062,9.80523559995819,8.647915968570281
Lebanon,8.14964708421685,7.712468878684095,7.051644345227071,7.803425256985815,7.745844873118119,9.425201720337919,8.290380165808621,7.720007731769395,9.460202190174174,9.551820050407935,7.624710290584773,3.649444257960821,0.0,9.070488015513794,8.771918972189857,7.925225839608339,7.696161274390887,8.013575527778455,8.150179847049365,0.0,6.571968927088208,8.005640303257596,8.294148385226567,8.06645934164614,9.425560616634856,8.273902798570925,8.042366751090661,8.135288640731577,7.660775740349009,8.16760734604964,9.144576887543998,8.940370377130467,8.806506882054826,8.053441339025033,5.346916083821252,9.085166528964931,7.9900410118113205,9.104924299219533,7.15983685737258,8.069978158393544,5.380501318582287,7.908728645094775,7.330039483112728,9.358771583928212,9.249442808904337,0.0,9.49991340543374,8.980701521805885,7.542505573229247,7.654479244778791,8.835464069454531,8.291904090054775,8.85131566951594,9.703343718258246,8.272482481936514
South Korea,0.0,0.0,0.0,0.0,0.0,0.0,0.0,0.0,0.0,0.0,0.0,0.0,0.0,0.0,0.0,0.0,0.0,0.0,0.0,0.0,0.0,0.0,0.0,0.0,0.0,0.0,0.0,0.0,0.0,0.0,0.0,0.0,0.0,0.0,0.0,0.0,0.0,0.0,0.0,0.0,0.0,0.0,0.0,0.0,0.0,0.0,0.0,0.0,0.0,0.0,0.0,0.0,0.0,0.0,0.0
Indonesia,8.643223017515412,9.27626855209029,9.193083220206546,9.213024765765068,9.306265817011486,9.631401888008815,8.516838928672602,9.264248843804328,9.795979176320829,8.596125621421107,9.244500223622888,9.070488015513794,0.0,6.259631940802423,8.619316292297418,9.325692900786775,9.289500844440813,9.22569291624581,9.368947962149544,0.0,9.116336568490611,9.291153244535053,9.447702360527948,9.337998048052528,9.732904429955545,9.399188914910427,9.261819299132904,9.300358391150503,9.265442951814592,9.408232574636093,9.703274085862295,7.068338937049594,9.056374408421156,9.342795685835569,9.07200683893849,9.658533496989316,9.225674205541367,8.664168532820566,8.910757093618038,9.357401695884333,9.059282919850272,9.285799359668713,9.218842129400809,9.892039270313797,9.70052768335846,0.0,9.655941159144016,6.786875741608861,9.167579415550314,8.79683109613106,7.747798027434076,9.321313606815085,8.560421057505142,8.96172848852898,8.959227809033385
Mauritius,8.735048866523458,9.05365907617296,8.905731309616929,9.091101439516189,8.993907876069287,9.299063449836328,8.67050380420025,9.06433157356119,9.539444818684231,9.091525867038214,9.042525561670987,8.771918972189857,0.0,8.619316292297418,2.8337467311917677,9.10455332092062,9.025594117978386,9.149357442225126,9.184443216715485,0.0,8.876489396845315,9.152796636850699,9.16325641640467,9.16285780752549,9.775133590997312,9.230083193562468,9.164174227054996,9.196578206302924,9.042330157639412,9.131946520857904,9.630523306237963,8.608594103617754,8.025314273194335,9.154125724413413,8.748291737689664,9.611258491515608,9.142793704232291,9.272750692600708,8.631030140392518,9.150881620268997,8.738682254819825,9.1207933830379,8.968154664134586,9.59014231332528,9.301378713183935,0.0,9.385642349067224,8.62832446417974,9.02301765017839,8.512958437489512,8.704788981622839,8.764887608689873,9.11104884712533,9.254035674590272,8.031890729547978
Switzerland,8.630028183448196,6.309868458803732,7.41616859547315,7.324488660956101,7.046769985724536,9.324963754515188,8.74017881025977,6.529254591197772,9.267222469866617,9.717908295193169,6.779193687839232,7.925225839608339,0.0,9.325692900786775,9.10455332092062,4.336333550846142,6.540538103337198,7.527987621474564,6.618353996201488,0.0,7.68966397081954,6.94071411977885,7.394477126759452,6.442579974593042,9.17372462295577,7.093369741539385,7.34375476508297,7.2857662817528634,6.503230278833973,7.05022398953545,8.795306933043548,9.218863942917059,9.030610533776281,6.18919900422016,7.954208986729555,8.714286440897004,7.49232176466799,9.177878542024315,8.292888966781275,6.077820667797418,7.985478230098309,6.627121508786773,7.123509999997716,9.112802953716669,9.093387816375754,0.0,9.381453515196009,9.249481274252354,7.4563268751594896,8.482754322997973,9.119762278171343,8.34375462379169,8.997674735090726,9.852544196912865,8.713637550304618
Italy,8.575601335129507,6.199175018733075,6.95693679513482,7.441936622094828,6.389154842872241,9.321305552118325,8.686466995294264,6.64302537860315,9.29426599291387,9.694756515177069,6.6987713799534525,7.696161274390887,0.0,9.289500844440813,9.025594117978386,6.540538103337198,5.330139140317541,7.697647064611858,7.2713040439890095,0.0,7.450904229682055,7.33569004293724,7.530501990711789,7.168344892765122,9.235507993683079,7.543131917213241,7.5909137379519995,7.606227257608571,6.248150605649129,7.2201982543753775,8.885266387760652,9.181727088590769,8.948635679942964,7.068941721112799,7.7189210230151675,8.815492599946507,7.662202617838243,9.197181674815702,8.152305183844245,7.012026101139599,7.761846299236932,7.079436258424277,6.609483331212218,9.156036550496063,9.095286359147261,0.0,9.386305938860547,9.213674806565056,7.423432912687119,8.367294525617895,9.086879585856853,8.209904968365466,9.003893526633135,9.82941842578176,8.592800353508638
Finland,8.420153296516911,7.444729235751016,7.809965341888253,6.408324157273351,7.93678916763206,9.470494503590675,8.560414353630696,7.270878488100216,9.380038419824654,9.63085959612301,7.284809938571489,8.013575527778455,0.0,9.22569291624581,9.149357442225126,7.527987621474564,7.697647064611858,5.385484939671748,7.510391146734462,0.0,7.7466412873076775,6.785177504414599,8.120582169940699,7.316895625121598,9.196296314245638,7.615174625914324,5.986181114325438,6.673596406163481,7.4399546481328445,7.99030424044927,8.845515449862106,9.1028266509457,9.1654526234682,7.409488895429901,8.072119102788772,8.745516106638414,4.39426160622213,8.965724302373598,8.25223600823861,7.555454155133789,8.082964653673859,7.006895387962886,7.61706612088442,9.22261374505042,9.270836985599919,0.0,9.51055310672708,9.135344698239663,7.03467423253933,8.427337846909277,8.973684311528531,8.676355463638018,8.752561712353016,9.76207432253569,8.841044836638334
United Kingdom,8.70779966663098,7.1153838937026,7.781075877403478,7.45561885078659,7.510221996042963,9.318968742375779,8.812938071895985,7.121413183460835,9.228398340985882,9.74108332234249,7.281843920564141,8.150179847049365,0.0,9.368947962149544,9.184443216715485,6.618353996201488,7.2713040439890095,7.510391146734462,5.224857030786432,0.0,7.950864371416804,6.866509861497696,7.367134544015249,5.886978648860817,9.098112328740411,6.132120654815532,7.270710162756143,7.053675610794474,7.201331944136186,7.141545156512303,8.682935231109333,9.264818140539331,9.10869295423024,5.780063037405839,8.177813251520192,8.587614189311708,7.488344996766516,9.16683112418962,8.445370820669112,5.8375773742263855,8.201483317476262,6.8417243380733215,7.574609817587159,9.056099904784826,9.08226015181986,0.0,9.366097189844336,9.293664459260896,7.667397346996504,8.609543540695189,9.163822080149329,8.467507656522047,9.005939204726335,9.859908636196893,8.828761746745077
Vietnam,0.0,0.0,0.0,0.0,0.0,0.0,0.0,0.0,0.0,0.0,0.0,0.0,0.0,0.0,0.0,0.0,0.0,0.0,0.0,0.0,0.0,0.0,0.0,0.0,0.0,0.0,0.0,0.0,0.0,0.0,0.0,0.0,0.0,0.0,0.0,0.0,0.0,0.0,0.0,0.0,0.0,0.0,0.0,0.0,0.0,0.0,0.0,0.0,0.0,0.0,0.0,0.0,0.0,0.0,0.0
Turkiye,8.19578279366353,7.400863675492964,6.705930362107102,7.458914265907521,7.60036681611075,9.43366550680311,8.348268613015335,7.379813047039433,9.439073870383424,9.582772516593948,7.2372216028364855,6.571968927088208,0.0,9.116336568490611,8.876489396845315,7.68966397081954,7.450904229682055,7.7466412873076775,7.950864371416804,0.0,5.806063754329221,7.7400111451132085,8.183987812798819,7.8383488360466105,9.372887701070685,8.097187073393545,7.781234121140498,7.901964371393721,7.326698481461395,8.035197949318123,9.07482358118098,8.986933285939749,8.89886739360768,7.82986107057619,6.791385381874977,9.008013027250325,7.7151552712841145,9.07994645233186,7.504555092044514,7.863518999877648,6.835652756108534,7.620060761658309,6.890830051996287,9.32298757512696,9.247115790138798,0.0,9.501764434442292,9.025626716393877,7.074513858449482,7.882044316332938,8.873821354260752,8.358011745143756,8.830803941483458,9.734022199464127,8.434877753045738
Denmark,8.55131496550785,6.981760102959126,7.666472479751521,6.703814420137231,7.651466287933996,9.400090104765383,8.67461685205059,6.766802587947099,9.315015652914314,9.683615518967214,6.919664086806273,8.005640303257596,0.0,9.291153244535053,9.152796636850699,6.94071411977885,7.33569004293724,6.785177504414599,6.866509861497696,0.0,7.7400111451132085,4.357739449261804,7.815396713292155,6.434504944889563,9.161446617441454,7.1232681908774325,6.26108530404984,6.1847977525462,7.024088375095149,7.637705348266017,8.782536245650213,9.177151979734953,9.124836294802854,6.64269212578871,8.052385957491955,8.685015980550402,6.72896372439275,9.071369756419353,8.30585715620964,6.9349900234690764,8.072412141620699,5.866427546197734,7.4093326693668375,9.153112238058787,9.18442730994027,0.0,9.444984734695442,9.208185552018321,7.191843400923702,8.486648413260154,9.062864664868172,8.55559222092611,8.882996187635698,9.811757058006522,8.811381502321106
Portugal,8.875223096979727,7.6481714673395755,7.956397257382267,8.046747544495082,7.445375499742539,9.171792248583689,8.959628019554083,7.7403452205495045,9.107271118260643,9.80200340294299,7.812550995592205,8.294148385226567,0.0,9.447702360527948,9.16325641640467,7.394477126759452,7.530501990711789,8.120582169940699,7.367134544015249,0.0,8.183987812798819,7.815396713292155,4.739051392420628,7.529429551018268,9.069182946367059,7.402342368519886,8.003351691129698,7.915621224349622,7.696467606839433,6.2164509992368355,8.655292535048453,9.357120239700713,9.007103976808548,7.445064690713489,8.296935222800872,8.592678329127718,8.105261318785924,9.319767706902919,8.572975236272589,7.281289306553697,8.323255224629733,7.746943775752765,7.865621257610838,8.938054500742982,8.893918575080368,0.0,9.234255121133613,9.3840011993568,8.11721132283607,8.717238091109055,9.277492350058155,8.207897348538275,9.177365632057079,9.869692891699142,8.77483076419457
Netherlands,8.646757048771438,6.89418136888833,7.679210740890574,7.223079025897667,7.4823672035388995,9.347206822108832,8.7583214048033,6.840314202837746,9.26317188270215,9.719819489609542,7.0439465061085205,8.06645934164614,0.0,9.337998048052528,9.16285780752549,6.442579974593042,7.168344892765122,7.316895625121598,5.886978648860817,0.0,7.8383488360466105,6.434504944889563,7.529429551018268,4.343248773447209,9.130145202680964,6.629002422163375,7.0290255604559935,6.820187201609055,6.989570261402446,7.300719914053485,8.731796538780843,9.230290047283804,9.102968167562029,5.153484061523946,8.100550445621892,8.637392860216641,7.285563435184352,9.13813273150943,8.376828907669932,6.058929017852017,8.124490101226245,6.35932626016525,7.43540498092069,9.096875549402922,9.11835950385806,0.0,9.39492270462281,9.260100541728525,7.485332223837064,8.55078578870376,9.12534496155973,8.478284989426255,8.965863499952142,9.845170703262994,8.805979304191153
Mexico,9.551761769841004,9.22673720613753,9.332078243615786,9.23558405221308,9.244143552146879,8.90891779636749,9.59380932877244,9.226559133911554,8.3580154972989,9.486885912816772,9.247178441194128,9.425560616634856,0.0,9.732904429955545,9.775133590997312,9.17372462295577,9.235507993683079,9.196296314245638,9.098112328740411,0.0,9.372887701070685,9.161446617441454,9.069182946367059,9.130145202680964,6.268233411539125,9.045998723511474,9.16928032829114,9.127757791554894,9.237765832300022,9.113163060165247,8.018927033003871,9.719632019802447,9.589821467328948,9.133389454788807,9.432510649813382,8.191253611113307,9.200223367233693,9.333653864203999,9.515180401193339,9.127699032448369,9.43972043575617,9.18391723539253,9.294537208526886,8.035589419926643,8.830801018265433,0.0,8.798050477906513,9.718578049897236,9.290218450714503,9.573061500845315,9.665296985558047,9.337733086410998,9.430854068251042,9.324327768856502,9.604755992045849
Ireland,8.76526753183259,7.432411615962231,7.956904877385829,7.626879612610621,7.71192849578641,9.306828948107842,8.865654556075313,7.427736462408782,9.19670918808762,9.75588621222036,7.547499045680688,8.273902798570925,0.0,9.399188914910427,9.230083193562468,7.093369741539385,7.543131917213241,7.615174625914324,6.132120654815532,0.0,8.097187073393545,7.1232681908774325,7.402342368519886,6.629002422163375,9.045998723511474,4.602326747245028,7.397038727315026,7.144419019240798,7.4951007354550185,7.279481580791563,8.60315086345374,9.297628460677595,9.149364244638921,6.653673152727677,8.299013798255102,8.498185484087445,7.6034626793805575,9.169414726250993,8.536604761867498,6.656987544094305,8.319804127727883,7.184001207306695,7.7863221288920546,9.012866151229959,9.066463304074468,0.0,9.348514097280301,9.325257081419426,7.8310315550300045,8.687007524624388,9.197119560928096,8.529099825282003,9.022909344038073,9.853445054523915,8.89102066600964
Sweden,8.495153287281601,7.310331551754001,7.786708355636039,6.518383279345983,7.850685215411461,9.440263291356802,8.625908035020586,7.12472782877268,9.34693643868605,9.656651794308877,7.184298544622898,8.042366751090661,0.0,9.261819299132904,9.164174227054996,7.34375476508297,7.5909137379519995,5.986181114325438,7.270710162756143,0.0,7.781234121140498,6.26108530404984,8.003351691129698,7.0290255604559935,9.16928032829114,7.397038727315026,5.530631538880095,6.0344421366629994,7.321747924073921,7.8620767855443,8.80150754947838,9.143649776787552,9.160453666825376,7.157514275984539,8.094752611838045,8.699643906535563,5.93473598204628,9.009526888542537,8.30177224388809,7.34329491392823,8.109235479350343,6.697496609896396,7.57213048766832,9.185218442242393,9.233590969753013,0.0,9.480706383062715,9.175111767741837,7.144770176781964,8.475616120230667,9.02114403796163,8.640700434713075,8.811918452282494,9.783497771306786,8.84548333150755
Norway,8.577052343865146,7.353214519026872,7.86572715620076,6.954990902145239,7.851442866123243,9.414972845584852,8.698126952333483,7.209117598680379,9.310931130406251,9.679903279118198,7.302156069317377,8.135288640731577,0.0,9.300358391150503,9.196578206302924,7.2857662817528634,7.606227257608571,6.673596406163481,7.053675610794474,0.0,7.901964371393721,6.1847977525462,7.915621224349622,6.820187201609055,9.127757791554894,7.144419019240798,6.0344421366629994,5.366036293578895,7.3831089462181785,7.779375788061125,8.738663343378418,9.186884521779817,9.176319778732577,6.991887765941714,8.179666599157416,8.631288011738276,6.668757460329578,9.038024788051708,8.388247838247482,7.202579286988549,8.195418928428687,6.731048410285267,7.661368951209545,9.141792544299685,9.20206673967804,0.0,9.453077901369857,9.21693458230237,7.396534660429029,8.551580511753881,9.069202984109415,8.640277528090104,8.858085075562473,9.797668042667684,8.87868551313525
Croatia,8.509951835973613,4.765119165992783,6.984180991670372,7.081382482519412,7.009370991609479,9.36358406919046,8.631763783808726,5.600936572483894,9.324648934189822,9.67833323097774,5.710784238332077,7.660775740349009,0.0,9.265442951814592,9.042330157639412,6.503230278833973,6.248150605649129,7.4399546481328445,7.201331944136186,0.0,7.326698481461395,7.024088375095149,7.696467606839433,6.989570261402446,9.237765832300022,7.4951007354550185,7.321747924073921,7.3831089462181785,4.4935040538733055,7.43982954288716,8.887425379212063,9.152283943276855,8.994319767139233,6.93187406843091,7.7056565413560705,8.810614612253673,7.392875327284053,9.144043078438097,8.111816479401023,6.986346472179588,7.7429474459616525,6.648824692688688,6.414784471727274,9.182706345165364,9.145840463426469,0.0,9.423510352167172,9.185053025066411,7.0845365165115775,8.335249883077315,9.048534364759504,8.333642399422166,8.942299214399428,9.818166564216027,8.635456289601942
Spain,8.802615713004597,7.378105723080648,7.771869379072693,7.888478526375466,7.149787314400732,9.216903785576159,8.893167145661321,7.502185934726393,9.161314294981509,9.77516997290732,7.5896923605140945,8.16760734604964,0.0,9.408232574636093,9.131946520857904,7.05022398953545,7.2201982543753775,7.99030424044927,7.141545156512303,0.0,8.035197949318123,7.637705348266017,6.2164509992368355,7.300719914053485,9.113163060165247,7.279481580791563,7.8620767855443,7.779375788061125,7.43982954288716,5.589270582969858,8.714732206464046,9.313317449500627,8.995912602644472,7.182838315857403,8.17362681075416,8.64740515582979,7.970873023697905,9.285208483722016,8.478327199341994,6.960969926388265,8.20289523807873,7.53536557353745,7.653674684772087,9.000483288337891,8.95461396808583,0.0,9.27941017383725,9.341380037826339,7.959931580230916,8.636693329785377,9.229524180392469,8.199613128538436,9.130463375571775,9.882579494476435,8.731814128205112
USA,9.340733344909658,8.871711471426265,9.019154442463021,8.892996986695493,8.902149422892862,9.036370958723042,9.397633715596541,8.872019808250352,8.64340072997571,9.677963043991504,8.901424720905545,9.144576887543998,0.0,9.703274085862295,9.630523306237963,8.795306933043548,8.885266387760652,8.845515449862106,8.682935231109333,0.0,9.07482358118098,8.782536245650213,8.655292535048453,8.731796538780843,8.018927033003871,8.60315086345374,8.80150754947838,8.738663343378418,8.887425379212063,8.714732206464046,7.057100717823463,9.639348814621448,9.475808276704155,8.73598552991935,9.15384589062545,6.602645556741087,8.849657550070768,9.298240437298666,9.262922385608256,8.727316992425369,9.163303584742607,8.812477592796116,8.967066559699745,8.24674417322391,8.823859320932865,0.0,8.997256675220171,9.65273575166502,8.967291645607952,9.337776224485859,9.559143413631887,9.090940880558849,9.320024029375917,9.562392045049268,9.405250690093872
Malaysia,8.41404866308829,9.164262925059973,9.076568378981142,9.089253509689998,9.204311333795726,9.678508567844142,8.253860257940373,9.149625889872434,9.853583292992852,8.78449279549649,9.127767023263335,8.940370377130467,0.0,7.068338937049594,8.608594103617754,9.218863942917059,9.181727088590769,9.1028266509457,9.264818140539331,0.0,8.986933285939749,9.177151979734953,9.357120239700713,9.230290047283804,9.719632019802447,9.297628460677595,9.143649776787552,9.186884521779817,9.152283943276855,9.313317449500627,9.639348814621448,5.375227017474822,9.050591132754473,9.236127020037786,8.944428532298371,9.590406985084265,9.102841015071728,8.580936709122309,8.758292646273663,9.25305497438372,8.929844285040433,9.172011620906423,9.102351293561112,9.85731952256606,9.706285224217682,0.0,9.714873439069148,5.754295915036647,9.038869018256635,8.629628084552852,7.0792880118191475,9.25513590153933,8.37909068142125,9.097015894660325,8.886470688529299
South Africa,9.004384389514536,9.000886562087548,8.86905468928844,9.09988489903845,8.883834169055145,9.00517621825709,8.987290691255991,9.025813745802722,9.298256922505942,9.289888803669317,9.012155373496858,8.806506882054826,0.0,9.056374408421156,8.025314273194335,9.030610533776281,8.948635679942964,9.1654526234682,9.10869295423024,0.0,8.89886739360768,9.124836294802854,9.007103976808548,9.102968167562029,9.589821467328948,9.149364244638921,9.160453666825376,9.176319778732577,8.994319767139233,8.995912602644472,9.475808276704155,9.050591132754473,6.029314609810495,9.086901082332902,8.775242003854563,9.478490175581644,9.157164569940363,9.511703431483827,8.776826807978985,9.070251756249094,8.775208474296052,9.085779820760635,8.93198401290244,9.356332432019789,8.974642088798813,0.0,9.129881661118652,9.064498891603789,9.045235395657537,8.741584923428716,9.101750202150935,8.412870137408916,9.365169964147436,9.352715418956837,7.963256844877396
Belgium,8.657322370699493,6.820883128663661,7.6445484627934395,7.292632571614548,7.394193123691293,9.334923346665123,8.767110933674044,6.818337335806396,9.255772523374016,9.725241479664065,7.029954327462904,8.053441339025033,0.0,9.342795685835569,9.154125724413413,6.18919900422016,7.068941721112799,7.409488895429901,5.780063037405839,0.0,7.82986107057619,6.64269212578871,7.445064690713489,5.153484061523946,9.133389454788807,6.653673152727677,7.157514275984539,6.991887765941714,6.93187406843091,7.182838315857403,8.73598552991935,9.236127020037786,9.086901082332902,4.226025681646416,8.084951365478307,8.644864773838973,7.378444922866013,9.155172528576854,8.373282173519168,5.569810985203274,8.11044616199794,6.481795022840651,7.3987997392216,9.090895806743708,9.103275849767924,0.0,9.38470871900906,9.265914142042233,7.516056191556928,8.548686044505219,9.13351785724483,8.443163800790291,8.983542652313709,9.852816695972905,8.789498342670976
Israel,8.180343843697573,7.7537535810233535,7.0905050774008895,7.872251623256243,7.74379081394185,9.412596900249616,8.311260922566408,7.7704536545975555,9.455287684237259,9.550998122813581,7.682848738888274,5.346916083821252,0.0,9.07200683893849,8.748291737689664,7.954208986729555,7.7189210230151675,8.072119102788772,8.177813251520192,0.0,6.791385381874977,8.052385957491955,8.296935222800872,8.100550445621892,9.432510649813382,8.299013798255102,8.094752611838045,8.179666599157416,7.7056565413560705,8.17362681075416,9.15384589062545,8.944428532298371,8.775242003854563,8.084951365478307,4.012880136052269,9.096694068233784,8.049494104671385,9.124173583675638,7.171530854773436,8.096177497258166,4.710370388796499,7.955963001034171,7.385996138899109,9.357578644640867,9.237503102044636,0.0,9.489349190265113,8.98444867296085,7.635596114088104,7.649689290372625,8.844684649873278,8.247649093520899,8.87444544867756,9.700478681225633,8.22149668904529
Canada,9.276889058876108,8.794142725670435,8.955692092584234,8.802604136810274,8.842037080100763,9.11388949182052,9.336961569099461,8.790740385495324,8.764576257565581,9.68800210296374,8.8220407404664,9.085166528964931,0.0,9.658533496989316,9.611258491515608,8.714286440897004,8.815492599946507,8.745516106638414,8.587614189311708,0.0,9.008013027250325,8.685015980550402,8.592678329127718,8.637392860216641,8.191253611113307,8.498185484087445,8.699643906535563,8.631288011738276,8.810614612253673,8.64740515582979,6.602645556741087,9.590406985084265,9.478490175581644,8.644864773838973,9.096694068233784,7.080023132913555,8.75080685926371,9.242867579673678,9.206073582161226,8.639979335073889,9.10608324735851,8.721762260155701,8.897394643919998,8.4206719385589,8.904667294249649,0.0,9.08233118955792,9.604786998961742,8.885174615528745,9.283879825410901,9.505921415254386,9.075208384797637,9.255210481810204,9.592673998294925,9.38090980900312
Estonia,8.417707164887512,7.398897652326245,7.776853769328193,6.2689574483114985,7.909029967350548,9.466976724772428,8.558312485738526,7.215503179383884,9.379344477189743,9.63258065344605,7.228256367379172,7.9900410118113205,0.0,9.225674205541367,9.142793704232291,7.49232176466799,7.662202617838243,4.39426160622213,7.488344996766516,0.0,7.7151552712841145,6.72896372439275,8.105261318785924,7.285563435184352,9.200223367233693,7.6034626793805575,5.93473598204628,6.668757460329578,7.392875327284053,7.970873023697905,8.849657550070768,9.102841015071728,9.157164569940363,7.378444922866013,8.049494104671385,8.75080685926371,4.381894750977609,8.973450141539058,8.237861755146524,7.5278429375723315,8.061009781475352,6.945992816669084,7.57642583612437,9.222747089380745,9.266723540947023,0.0,9.50810593473185,9.135503888368573,6.971794300390487,8.416689528796418,8.974500436603577,8.662768464463165,8.759682952158347,9.764881591756716,8.830247206636994
Japan,8.69620093024213,9.149840404890025,9.160938445718477,9.011549619424605,9.252213334036531,9.818585222669528,8.673805410596726,9.120531959655011,9.648957817836022,8.981968175087685,9.111505517798745,9.104924299219533,0.0,8.664168532820566,9.272750692600708,9.177878542024315,9.197181674815702,8.965724302373598,9.16683112418962,0.0,9.07994645233186,9.071369756419353,9.319767706902919,9.13813273150943,9.333653864203999,9.169414726250993,9.009526888542537,9.038024788051708,9.144043078438097,9.285208483722016,9.298240437298666,8.580936709122309,9.511703431483827,9.155172528576854,9.124173583675638,9.242867579673678,8.973450141539058,5.443231232337022,9.02559303535595,9.182519845058312,9.115584978249599,9.096910833583678,9.143350421873768,9.565414234868435,9.780935663954613,0.0,9.755415526865983,8.580428613889415,9.013818060060343,8.995027208002144,8.436633033221602,9.47200439132928,7.64879269508767,9.166987260212926,9.329541956571653
Kuwait,7.794412853850501,8.146167480319017,7.798385580080953,8.118355473561758,8.187668325828756,9.489961038432414,7.951023976610971,8.136408793388586,9.55100096801877,9.455971570144175,8.071560562073447,7.15983685737258,0.0,8.910757093618038,8.631030140392518,8.292888966781275,8.152305183844245,8.25223600823861,8.445370820669112,0.0,7.504555092044514,8.30585715620964,8.572975236272589,8.376828907669932,9.515180401193339,8.536604761867498,8.30177224388809,8.388247838247482,8.111816479401023,8.478327199341994,9.262922385608256,8.758292646273663,8.776826807978985,8.373282173519168,7.171530854773436,9.206073582161226,8.237861755146524,9.02559303535595,3.9161522682756433,8.392813394899614,7.082452007178629,8.249331785313618,7.924998063504756,9.463701925687493,9.343895264324585,0.0,9.566220900450492,8.806307238103349,7.925426095097419,6.728350344706576,8.640396886493736,8.477333025856838,8.736416107072897,9.622705619274527,8.191153862258675
France,8.688215484622884,6.872891126223621,7.6490857729481645,7.438557632534648,7.302380514045098,9.312197257082307,8.793950303217493,6.942295826456511,9.236798254828077,9.73732021096371,7.1286883890701995,8.069978158393544,0.0,9.357401695884333,9.150881620268997,6.077820667797418,7.012026101139599,7.555454155133789,5.8375773742263855,0.0,7.863518999877648,6.9349900234690764,7.281289306553697,6.058929017852017,9.127699032448369,6.656987544094305,7.34329491392823,7.202579286988549,6.986346472179588,6.960969926388265,8.727316992425369,9.25305497438372,9.070251756249094,5.569810985203274,8.096177497258166,8.639979335073889,7.5278429375723315,9.182519845058312,8.392813394899614,5.62829570624579,8.123082774120665,6.780134384897325,7.421799716803462,9.071960329337607,9.074840185405266,0.0,9.364210155212831,9.282499159989873,7.6133960881234755,8.565894780234418,9.15427835687142,8.398440060369442,9.014961781922702,9.865987118853266,8.778233811021483
Jordan,8.150873889809768,7.789854900021024,7.169221447974898,7.888092535983673,7.789748518737572,9.419857909383477,8.284354291738062,7.802321329597264,9.4638920734717,9.543343741887217,7.716292857344235,5.380501318582287,0.0,9.059282919850272,8.738682254819825,7.985478230098309,7.761846299236932,8.082964653673859,8.201483317476262,0.0,6.835652756108534,8.072412141620699,8.323255224629733,8.124490101226245,9.43972043575617,8.319804127727883,8.109235479350343,8.195418928428687,7.7429474459616525,8.20289523807873,9.163303584742607,8.929844285040433,8.775208474296052,8.11044616199794,4.710370388796499,9.10608324735851,8.061009781475352,9.115584978249599,7.082452007178629,8.123082774120665,4.736191430826013,7.9801591067421125,7.438579981334724,9.367040655941631,9.247286384574075,0.0,9.496525574677214,8.970445294020685,7.651444421750286,7.5965103282392,8.828652335527446,8.26882105890614,8.862481877251543,9.694314704881494,8.2161045849829
Germany,8.539743804245143,6.584728545107001,7.497734538391152,6.709621850822094,7.476000015936381,9.387173561866996,8.663121646925164,6.261369348594057,9.31598064849729,9.6854615094113,6.53601470188242,7.908728645094775,0.0,9.285799359668713,9.1207933830379,6.627121508786773,7.079436258424277,7.006895387962886,6.8417243380733215,0.0,7.620060761658309,5.866427546197734,7.746943775752765,6.35932626016525,9.18391723539253,7.184001207306695,6.697496609896396,6.731048410285267,6.648824692688688,7.53536557353745,8.812477592796116,9.172011620906423,9.085779820760635,6.481795022840651,7.955963001034171,8.721762260155701,6.945992816669084,9.096910833583678,8.249331785313618,6.780134384897325,7.9801591067421125,5.415370358009215,7.184381965231932,9.159595137902453,9.169722002556263,0.0,9.436886926501334,9.203605141145472,7.093765026033103,8.44281613690926,9.060938681162144,8.488420602028354,8.904267555052424,9.819380680657481,8.760464650450546
North Macedonia,8.42612012236648,6.575895448840998,6.184730783460856,7.272074034416072,7.024600096872066,9.37480510716561,8.55289946693107,6.683471953371911,9.359989793466143,9.648310746295913,6.463293072716994,7.330039483112728,0.0,9.218842129400809,8.968154664134586,7.123509999997716,6.609483331212218,7.61706612088442,7.574609817587159,0.0,6.890830051996287,7.4093326693668375,7.865621257610838,7.43540498092069,9.294537208526886,7.7863221288920546,7.57213048766832,7.661368951209545,6.414784471727274,7.653674684772087,8.967066559699745,9.102351293561112,8.93198401290244,7.3987997392216,7.385996138899109,8.897394643919998,7.57642583612437,9.143350421873768,7.924998063504756,7.421799716803462,7.438579981334724,7.184381965231932,4.099546011201564,9.231095486688638,9.16645901487503,0.0,9.440521501343335,9.136890260307869,7.060541599923525,8.189025456767032,8.99954378225051,8.271819624080173,8.926795330199885,9.790415714241107,8.529047253576953
