,Pakistan,Slovenia,Greece,Lithuania,Tunisia,Argentina,India,Austria,Peru,Australia,Hungary,Lebanon,South Korea,Indonesia,Mauritius,Switzerland,Italy,Finland,United Kingdom,Vietnam,Turkiye,Denmark,Portugal,Netherlands,Mexico,Ireland,Sweden,Norway,Croatia,Spain,USA,Malaysia,South Africa,Belgium,Israel,Canada,Estonia,Japan,Kuwait,France,Jordan,Germany,North Macedonia,Colombia,Brazil,Egypt,Chile,Singapore,Ukraine,United Arab Emirates,Thailand,Nigeria,China,New Zealand,Kenya
Pakistan,0,0,1.098612289,1.098612289,0.693147181,1.098612289,3.091042453,2.995732274,0.693147181,5.393627546,0.693147181,2.079441542,3.80666249,0.693147181,1.098612289,3.931825633,3.988984047,3.912023005,6.047372179,0.693147181,0,2.772588722,3.36729583,5.313205979,2.48490665,3.044522438,3.80666249,3.663561646,0.693147181,5.272999559,7.822044008,2.397895273,3.17805383,4.317488114,3.135494216,6.033086222,1.098612289,1.791759469,0,4.584967479,1.098612289,4.532599493,0.693147181,0.693147181,2.302585093,0,0,2.397895273,0,0,0,0.693147181,5.153291594,3.555348061,0
Slovenia,0,0,1.098612289,1.098612289,0.693147181,1.098612289,3.091042453,2.995732274,0.693147181,5.393627546,0.693147181,2.079441542,3.80666249,0.693147181,1.098612289,3.931825633,3.988984047,3.912023005,6.047372179,0.693147181,0,2.772588722,3.36729583,5.313205979,2.48490665,3.044522438,3.80666249,3.663561646,0.693147181,5.272999559,7.822044008,2.397895273,3.17805383,4.317488114,3.135494216,6.033086222,1.098612289,1.791759469,0,4.584967479,1.098612289,4.532599493,0.693147181,0.693147181,2.302585093,0,0,2.397895273,0,0,0,0.693147181,5.153291594,3.555348061,0
Greece,1.098612289,1.098612289,0,1.791759469,1.609437912,1.791759469,2.944438979,2.833213344,1.609437912,5.379897354,1.609437912,1.609437912,3.737669618,1.609437912,1.791759469,3.871201011,3.931825633,3.850147602,6.040254711,1.609437912,0,2.564949357,3.258096538,5.298317367,2.197224577,2.890371758,3.737669618,3.583518938,1.609437912,5.257495372,7.82084088,2.079441542,3.044522438,4.276666119,2.995732274,6.025865974,0,1.098612289,1.386294361,4.553876892,1.791759469,4.49980967,1.609437912,1.609437912,1.945910149,1.098612289,0.693147181,2.079441542,0,0,1.386294361,1.609437912,5.135798437,3.465735903,1.386294361
Lithuania,1.098612289,1.098612289,1.791759469,0,0,0,3.218875825,3.135494216,0,5.407171771,0,2.397895273,3.871201011,0,0,3.988984047,4.043051268,3.970291914,6.054439346,0,0,2.944438979,3.465735903,5.327876169,2.708050201,3.17805383,3.871201011,3.737669618,0,5.288267031,7.823245691,2.63905733,3.295836866,4.356708827,3.258096538,6.040254711,1.791759469,2.197224577,0.693147181,4.615120517,0,4.564348191,0,0,2.564949357,1.098612289,1.386294361,2.63905733,0,0,0.693147181,0,5.170483995,3.63758616,0.693147181
Tunisia,0.693147181,0.693147181,1.609437912,0,0,0,3.17805383,3.091042453,0,5.402677382,0,2.302585093,3.850147602,0,0,3.970291914,4.025351691,3.951243719,6.052089169,0,0,2.890371758,3.433987204,5.323009979,2.63905733,3.135494216,3.850147602,3.713572067,0,5.283203729,7.82284529,2.564949357,3.258096538,4.343805422,3.218875825,6.03787092,1.609437912,2.079441542,0,4.605170186,0,4.553876892,0,0,2.48490665,0.693147181,1.098612289,2.564949357,0,0,0,0,5.164785974,3.610917913,0
Argentina,1.098612289,1.098612289,1.791759469,0,0,0,3.218875825,3.135494216,0,5.407171771,0,2.397895273,3.871201011,0,0,3.988984047,4.043051268,3.970291914,6.054439346,0,0,2.944438979,3.465735903,5.327876169,2.708050201,3.17805383,3.871201011,3.737669618,0,5.288267031,7.823245691,2.63905733,3.295836866,4.356708827,3.258096538,6.040254711,1.791759469,2.197224577,0.693147181,4.615120517,0,4.564348191,0,0,2.564949357,1.098612289,1.386294361,2.63905733,0,0,0.693147181,0,5.170483995,3.63758616,0.693147181
India,3.091042453,3.091042453,2.944438979,3.218875825,3.17805383,3.218875825,0,0.693147181,3.17805383,5.288267031,3.17805383,2.63905733,3.135494216,3.17805383,3.218875825,3.36729583,3.465735903,3.33220451,5.993961427,3.17805383,0,1.791759469,1.945910149,5.198497031,2.302585093,0,3.135494216,2.833213344,3.17805383,5.153291594,7.813187268,2.397895273,0.693147181,3.970291914,0,5.978885765,2.944438979,2.772588722,3.135494216,4.33073334,3.218875825,4.262679877,3.17805383,3.17805383,2.48490665,3.091042453,3.044522438,2.397895273,0,0,3.135494216,3.17805383,5.017279837,2.564949357,3.135494216
Austria,2.995732274,2.995732274,2.833213344,3.135494216,3.091042453,3.135494216,0.693147181,0,3.091042453,5.298317367,3.091042453,2.48490665,3.218875825,3.091042453,3.135494216,3.433987204,3.526360525,3.401197382,5.998936562,3.091042453,0,1.386294361,2.197224577,5.209486153,2.079441542,0,3.218875825,2.944438979,3.091042453,5.164785974,7.813995675,2.197224577,1.386294361,4.007333185,1.098612289,5.983936281,2.833213344,2.63905733,3.044522438,4.356708827,3.135494216,4.290459441,3.091042453,3.091042453,2.302585093,2.995732274,2.944438979,2.197224577,0,0,3.044522438,3.091042453,5.030437921,2.708050201,3.044522438
Peru,0.693147181,0.693147181,1.609437912,0,0,0,3.17805383,3.091042453,0,5.402677382,0,2.302585093,3.850147602,0,0,3.970291914,4.025351691,3.951243719,6.052089169,0,0,2.890371758,3.433987204,5.323009979,2.63905733,3.135494216,3.850147602,3.713572067,0,5.283203729,7.82284529,2.564949357,3.258096538,4.343805422,3.218875825,6.03787092,1.609437912,2.079441542,0,4.605170186,0,4.553876892,0,0,2.48490665,0.693147181,1.098612289,2.564949357,0,0,0,0,5.164785974,3.610917913,0
Australia,5.393627546,5.393627546,5.379897354,5.407171771,5.402677382,5.407171771,5.288267031,5.298317367,5.402677382,0,5.402677382,5.356586275,5.164785974,5.402677382,5.407171771,5.129898715,5.111987788,5.135798437,5.313205979,5.402677382,0,5.318119994,5.252273428,2.833213344,5.33753808,5.293304825,5.164785974,5.198497031,5.402677382,3.218875825,7.729735331,5.342334252,5.278114659,4.976733742,5.283203729,5.283203729,5.379897354,5.365976015,5.398162702,4.804021045,5.407171771,4.844187086,5.402677382,5.402677382,5.347107531,5.393627546,5.38907173,5.342334252,0,0,5.398162702,5.402677382,3.850147602,5.220355825,5.398162702
Hungary,0.693147181,0.693147181,1.609437912,0,0,0,3.17805383,3.091042453,0,5.402677382,0,2.302585093,3.850147602,0,0,3.970291914,4.025351691,3.951243719,6.052089169,0,0,2.890371758,3.433987204,5.323009979,2.63905733,3.135494216,3.850147602,3.713572067,0,5.283203729,7.82284529,2.564949357,3.258096538,4.343805422,3.218875825,6.03787092,1.609437912,2.079441542,0,4.605170186,0,4.553876892,0,0,2.48490665,0.693147181,1.098612289,2.564949357,0,0,0,0,5.164785974,3.610917913,0
Lebanon,2.079441542,2.079441542,1.609437912,2.397895273,2.302585093,2.397895273,2.63905733,2.48490665,2.302585093,5.356586275,2.302585093,0,3.610917913,2.302585093,2.397895273,3.761200116,3.828641396,3.737669618,6.02827852,2.302585093,0,2.079441542,3.044522438,5.272999559,1.386294361,2.564949357,3.610917913,3.433987204,2.302585093,5.231108617,7.818832444,1.098612289,2.772588722,4.204692619,2.708050201,6.013715156,1.609437912,0.693147181,2.197224577,4.49980967,2.397895273,4.442651256,2.302585093,2.302585093,0.693147181,2.079441542,1.945910149,1.098612289,0,0,2.197224577,2.302585093,5.105945474,3.295836866,2.197224577
South Korea,3.80666249,3.80666249,3.737669618,3.871201011,3.850147602,3.871201011,3.135494216,3.218875825,3.850147602,5.164785974,3.850147602,3.610917913,0,3.850147602,3.871201011,1.791759469,2.197224577,1.609437912,5.934894196,3.850147602,0,3.36729583,2.772588722,5.062595033,3.496507561,3.17805383,0,1.791759469,3.850147602,5.010635294,7.803843304,3.526360525,3.044522438,3.401197382,3.091042453,5.918893854,3.737669618,3.663561646,3.828641396,3.970291914,3.871201011,3.871201011,3.850147602,3.850147602,3.555348061,3.80666249,3.784189634,3.526360525,0,0,3.828641396,3.850147602,4.852030264,2.302585093,3.828641396
Indonesia,0.693147181,0.693147181,1.609437912,0,0,0,3.17805383,3.091042453,0,5.402677382,0,2.302585093,3.850147602,0,0,3.970291914,4.025351691,3.951243719,6.052089169,0,0,2.890371758,3.433987204,5.323009979,2.63905733,3.135494216,3.850147602,3.713572067,0,5.283203729,7.82284529,2.564949357,3.258096538,4.343805422,3.218875825,6.03787092,1.609437912,2.079441542,0,4.605170186,0,4.553876892,0,0,2.48490665,0.693147181,1.098612289,2.564949357,0,0,0,0,5.164785974,3.610917913,0
Mauritius,1.098612289,1.098612289,1.791759469,0,0,0,3.218875825,3.135494216,0,5.407171771,0,2.397895273,3.871201011,0,0,3.988984047,4.043051268,3.970291914,6.054439346,0,0,2.944438979,3.465735903,5.327876169,2.708050201,3.17805383,3.871201011,3.737669618,0,5.288267031,7.823245691,2.63905733,3.295836866,4.356708827,3.258096538,6.040254711,1.791759469,2.197224577,0.693147181,4.615120517,0,4.564348191,0,0,2.564949357,1.098612289,1.386294361,2.63905733,0,0,0.693147181,0,5.170483995,3.63758616,0.693147181
Switzerland,3.931825633,3.931825633,3.871201011,3.988984047,3.970291914,3.988984047,3.36729583,3.433987204,3.970291914,5.129898715,3.970291914,3.761200116,1.791759469,3.970291914,3.988984047,0,1.098612289,0,5.918893854,3.970291914,0,3.555348061,3.091042453,5.023880521,3.663561646,3.401197382,1.791759469,2.48490665,3.970291914,4.9698133,7.80139132,3.688879454,3.295836866,3.17805383,3.33220451,5.902633333,3.871201011,3.80666249,3.951243719,3.850147602,3.988984047,3.737669618,3.970291914,3.970291914,3.713572067,3.931825633,3.912023005,3.688879454,0,0,3.951243719,3.970291914,4.804021045,2.772588722,3.951243719
Italy,3.988984047,3.988984047,3.931825633,4.043051268,4.025351691,4.043051268,3.465735903,3.526360525,4.025351691,5.111987788,4.025351691,3.828641396,2.197224577,4.025351691,4.043051268,1.098612289,0,1.386294361,5.910796644,4.025351691,0,3.63758616,3.218875825,5.003946306,3.737669618,3.496507561,2.197224577,2.708050201,4.025351691,4.94875989,7.80016307,3.761200116,3.401197382,3.044522438,3.433987204,5.894402834,3.931825633,3.871201011,4.007333185,3.784189634,4.043051268,3.663561646,4.025351691,4.025351691,3.784189634,3.988984047,3.970291914,3.761200116,0,0,4.007333185,4.025351691,4.779123493,2.944438979,4.007333185
Finland,3.912023005,3.912023005,3.850147602,3.970291914,3.951243719,3.970291914,3.33220451,3.401197382,3.951243719,5.135798437,3.951243719,3.737669618,1.609437912,3.951243719,3.970291914,0,1.386294361,0,5.92157842,3.951243719,0,3.526360525,3.044522438,5.030437921,3.63758616,3.36729583,1.609437912,2.397895273,3.951243719,4.976733742,7.801800402,3.663561646,3.258096538,3.218875825,3.295836866,5.905361848,3.850147602,3.784189634,3.931825633,3.871201011,3.970291914,3.761200116,3.951243719,3.951243719,3.688879454,3.912023005,3.891820298,3.663561646,0,0,3.931825633,3.951243719,4.812184355,2.708050201,3.931825633
United Kingdom,6.047372179,6.047372179,6.040254711,6.054439346,6.052089169,6.054439346,5.993961427,5.998936562,6.052089169,5.313205979,6.052089169,6.02827852,5.934894196,6.052089169,6.054439346,5.918893854,5.910796644,5.92157842,0,6.052089169,0,6.008813185,5.976350909,5.393627546,6.018593214,5.996452089,5.934894196,5.950642553,6.052089169,5.429345629,7.636269603,6.021023349,5.988961417,5.85220248,5.991464547,1.791759469,6.040254711,6.033086222,6.049733455,5.783825182,6.054439346,5.799092654,6.052089169,6.052089169,6.023447593,6.047372179,6.045005314,6.021023349,0,0,6.049733455,6.052089169,5.521460918,5.96100534,6.049733455
Vietnam,0.693147181,0.693147181,1.609437912,0,0,0,3.17805383,3.091042453,0,5.402677382,0,2.302585093,3.850147602,0,0,3.970291914,4.025351691,3.951243719,6.052089169,0,0,2.890371758,3.433987204,5.323009979,2.63905733,3.135494216,3.850147602,3.713572067,0,5.283203729,7.82284529,2.564949357,3.258096538,4.343805422,3.218875825,6.03787092,1.609437912,2.079441542,0,4.605170186,0,4.553876892,0,0,2.48490665,0.693147181,1.098612289,2.564949357,0,0,0,0,5.164785974,3.610917913,0
Turkiye,0,0,0,0,0,0,0,0,0,0,0,0,0,0,0,0,0,0,0,0,0,0,0,0,0,0,0,0,0,0,0,0,0,0,0,0,0,0,0,0,0,0,0,0,0,0,0,0,0,0,0,0,0,0,0
Denmark,2.772588722,2.772588722,2.564949357,2.944438979,2.890371758,2.944438979,1.791759469,1.386294361,2.890371758,5.318119994,2.890371758,2.079441542,3.36729583,2.890371758,2.944438979,3.555348061,3.63758616,3.526360525,6.008813185,2.890371758,0,0,2.564949357,5.231108617,1.386294361,1.609437912,3.36729583,3.135494216,2.890371758,5.187385806,7.815610532,1.609437912,2.079441542,4.077537444,1.945910149,5.993961427,2.564949357,2.302585093,2.833213344,4.406719247,2.944438979,4.343805422,2.890371758,2.890371758,1.791759469,2.772588722,2.708050201,1.609437912,0,0,2.833213344,2.890371758,5.056245805,2.944438979,2.833213344
Portugal,3.36729583,3.36729583,3.258096538,3.465735903,3.433987204,3.465735903,1.945910149,2.197224577,3.433987204,5.252273428,3.433987204,3.044522438,2.772588722,3.433987204,3.465735903,3.091042453,3.218875825,3.044522438,5.976350909,3.433987204,0,2.564949357,0,5.159055299,2.833213344,2.079441542,2.772588722,2.302585093,3.433987204,5.111987788,7.810352684,2.890371758,1.609437912,3.828641396,1.791759469,5.96100534,3.258096538,3.135494216,3.401197382,4.234106505,3.465735903,4.158883083,3.433987204,3.433987204,2.944438979,3.36729583,3.33220451,2.890371758,0,0,3.401197382,3.433987204,4.9698133,1.791759469,3.401197382
Netherlands,5.313205979,5.313205979,5.298317367,5.327876169,5.323009979,5.327876169,5.198497031,5.209486153,5.323009979,2.833213344,5.323009979,5.272999559,5.062595033,5.323009979,5.327876169,5.023880521,5.003946306,5.030437921,5.393627546,5.323009979,0,5.231108617,5.159055299,0,5.252273428,5.204006687,5.062595033,5.099866428,5.323009979,2.079441542,7.737180078,5.257495372,5.187385806,4.852030264,5.192956851,5.365976015,5.298317367,5.283203729,5.318119994,4.65396035,5.327876169,4.700480366,5.323009979,5.323009979,5.262690189,5.313205979,5.308267697,5.257495372,0,0,5.318119994,5.323009979,3.401197382,5.123963979,5.318119994
Mexico,2.48490665,2.48490665,2.197224577,2.708050201,2.63905733,2.708050201,2.302585093,2.079441542,2.63905733,5.33753808,2.63905733,1.386294361,3.496507561,2.63905733,2.708050201,3.663561646,3.737669618,3.63758616,6.018593214,2.63905733,0,1.386294361,2.833213344,5.252273428,0,2.197224577,3.496507561,3.295836866,2.63905733,5.209486153,7.817222786,0,2.48490665,4.143134726,2.397895273,6.003887067,2.197224577,1.791759469,2.564949357,4.454347296,2.708050201,4.394449155,2.63905733,2.63905733,0.693147181,2.48490665,2.397895273,0,0,0,2.564949357,2.63905733,5.081404365,3.135494216,2.564949357
Ireland,3.044522438,3.044522438,2.890371758,3.17805383,3.135494216,3.17805383,0,0,3.135494216,5.293304825,3.135494216,2.564949357,3.17805383,3.135494216,3.17805383,3.401197382,3.496507561,3.36729583,5.996452089,3.135494216,0,1.609437912,2.079441542,5.204006687,2.197224577,0,3.17805383,2.890371758,3.135494216,5.159055299,7.813591553,2.302585093,1.098612289,3.988984047,0.693147181,5.981414211,2.890371758,2.708050201,3.091042453,4.343805422,3.17805383,4.276666119,3.135494216,3.135494216,2.397895273,3.044522438,2.995732274,2.302585093,0,0,3.091042453,3.135494216,5.023880521,2.63905733,3.091042453
Sweden,3.80666249,3.80666249,3.737669618,3.871201011,3.850147602,3.871201011,3.135494216,3.218875825,3.850147602,5.164785974,3.850147602,3.610917913,0,3.850147602,3.871201011,1.791759469,2.197224577,1.609437912,5.934894196,3.850147602,0,3.36729583,2.772588722,5.062595033,3.496507561,3.17805383,0,1.791759469,3.850147602,5.010635294,7.803843304,3.526360525,3.044522438,3.401197382,3.091042453,5.918893854,3.737669618,3.663561646,3.828641396,3.970291914,3.871201011,3.871201011,3.850147602,3.850147602,3.555348061,3.80666249,3.784189634,3.526360525,0,0,3.828641396,3.850147602,4.852030264,2.302585093,3.828641396
Norway,3.663561646,3.663561646,3.583518938,3.737669618,3.713572067,3.737669618,2.833213344,2.944438979,3.713572067,5.198497031,3.713572067,3.433987204,1.791759469,3.713572067,3.737669618,2.48490665,2.708050201,2.397895273,5.950642553,3.713572067,0,3.135494216,2.302585093,5.099866428,3.295836866,2.890371758,1.791759469,0,3.713572067,5.049856007,7.806289289,3.33220451,2.708050201,3.583518938,2.772588722,5.934894196,3.583518938,3.496507561,3.688879454,4.077537444,3.737669618,3.988984047,3.713572067,3.713572067,3.36729583,3.663561646,3.63758616,3.33220451,0,0,3.688879454,3.713572067,4.8978398,1.386294361,3.688879454
Croatia,0.693147181,0.693147181,1.609437912,0,0,0,3.17805383,3.091042453,0,5.402677382,0,2.302585093,3.850147602,0,0,3.970291914,4.025351691,3.951243719,6.052089169,0,0,2.890371758,3.433987204,5.323009979,2.63905733,3.135494216,3.850147602,3.713572067,0,5.283203729,7.82284529,2.564949357,3.258096538,4.343805422,3.218875825,6.03787092,1.609437912,2.079441542,0,4.605170186,0,4.553876892,0,0,2.48490665,0.693147181,1.098612289,2.564949357,0,0,0,0,5.164785974,3.610917913,0
Spain,5.272999559,5.272999559,5.257495372,5.288267031,5.283203729,5.288267031,5.153291594,5.164785974,5.283203729,3.218875825,5.283203729,5.231108617,5.010635294,5.283203729,5.288267031,4.9698133,4.94875989,4.976733742,5.429345629,5.283203729,0,5.187385806,5.111987788,2.079441542,5.209486153,5.159055299,5.010635294,5.049856007,5.283203729,0,7.740664402,5.214935758,5.141663557,4.787491743,5.147494477,5.402677382,5.257495372,5.241747015,5.278114659,4.574710979,5.288267031,4.624972813,5.283203729,5.283203729,5.220355825,5.272999559,5.267858159,5.214935758,0,0,5.278114659,5.283203729,3.091042453,5.075173815,5.278114659
USA,7.822044008,7.822044008,7.82084088,7.823245691,7.82284529,7.823245691,7.813187268,7.813995675,7.82284529,7.729735331,7.82284529,7.818832444,7.803843304,7.82284529,7.823245691,7.80139132,7.80016307,7.801800402,7.636269603,7.82284529,0,7.815610532,7.810352684,7.737180078,7.817222786,7.813591553,7.803843304,7.806289289,7.82284529,7.740664402,0,7.817625443,7.812378206,7.791522819,7.812782819,7.639161172,7.82084088,7.819636302,7.822444729,7.781973234,7.823245691,7.784057003,7.82284529,7.82284529,7.818027939,7.822044008,7.821643126,7.817625443,0,0,7.822444729,7.82284529,7.750184162,7.807916629,7.822444729
Malaysia,2.397895273,2.397895273,2.079441542,2.63905733,2.564949357,2.63905733,2.397895273,2.197224577,2.564949357,5.342334252,2.564949357,1.098612289,3.526360525,2.564949357,2.63905733,3.688879454,3.761200116,3.663561646,6.021023349,2.564949357,0,1.609437912,2.890371758,5.257495372,0,2.302585093,3.526360525,3.33220451,2.564949357,5.214935758,7.817625443,0,2.564949357,4.158883083,2.48490665,6.00635316,2.079441542,1.609437912,2.48490665,4.465908119,2.63905733,4.406719247,2.564949357,2.564949357,0,2.397895273,2.302585093,0,0,0,2.48490665,2.564949357,5.087596335,3.17805383,2.48490665
South Africa,3.17805383,3.17805383,3.044522438,3.295836866,3.258096538,3.295836866,0.693147181,1.386294361,3.258096538,5.278114659,3.258096538,2.772588722,3.044522438,3.258096538,3.295836866,3.295836866,3.401197382,3.258096538,5.988961417,3.258096538,0,2.079441542,1.609437912,5.187385806,2.48490665,1.098612289,3.044522438,2.708050201,3.258096538,5.141663557,7.812378206,2.564949357,0,3.931825633,0,5.973809612,3.044522438,2.890371758,3.218875825,4.304065093,3.295836866,4.234106505,3.258096538,3.258096538,2.63905733,3.17805383,3.135494216,2.564949357,0,0,3.218875825,3.258096538,5.003946306,2.397895273,3.218875825
Belgium,4.317488114,4.317488114,4.276666119,4.356708827,4.343805422,4.356708827,3.970291914,4.007333185,4.343805422,4.976733742,4.343805422,4.204692619,3.401197382,4.343805422,4.356708827,3.17805383,3.044522438,3.218875825,5.85220248,4.343805422,0,4.077537444,3.828641396,4.852030264,4.143134726,3.988984047,3.401197382,3.583518938,4.343805422,4.787491743,7.791522819,4.158883083,3.931825633,0,3.951243719,5.834810737,4.276666119,4.234106505,4.33073334,3.135494216,4.356708827,2.890371758,4.343805422,4.343805422,4.17438727,4.317488114,4.304065093,4.158883083,0,0,4.33073334,4.343805422,4.584967479,3.688879454,4.33073334
Israel,3.135494216,3.135494216,2.995732274,3.258096538,3.218875825,3.258096538,0,1.098612289,3.218875825,5.283203729,3.218875825,2.708050201,3.091042453,3.218875825,3.258096538,3.33220451,3.433987204,3.295836866,5.991464547,3.218875825,0,1.945910149,1.791759469,5.192956851,2.397895273,0.693147181,3.091042453,2.772588722,3.218875825,5.147494477,7.812782819,2.48490665,0,3.951243719,0,5.976350909,2.995732274,2.833213344,3.17805383,4.317488114,3.258096538,4.248495242,3.218875825,3.218875825,2.564949357,3.135494216,3.091042453,2.48490665,0,0,3.17805383,3.218875825,5.010635294,2.48490665,3.17805383
Canada,6.033086222,6.033086222,6.025865974,6.040254711,6.03787092,6.040254711,5.978885765,5.983936281,6.03787092,5.283203729,6.03787092,6.013715156,5.918893854,6.03787092,6.040254711,5.902633333,5.894402834,5.905361848,1.791759469,6.03787092,0,5.993961427,5.96100534,5.365976015,6.003887067,5.981414211,5.918893854,5.934894196,6.03787092,5.402677382,7.639161172,6.00635316,5.973809612,5.834810737,5.976350909,0,6.025865974,6.018593214,6.035481433,5.765191103,6.040254711,5.780743516,6.03787092,6.03787092,6.008813185,6.033086222,6.03068526,6.00635316,0,0,6.035481433,6.03787092,5.497168225,5.945420609,6.035481433
Estonia,1.098612289,1.098612289,0,1.791759469,1.609437912,1.791759469,2.944438979,2.833213344,1.609437912,5.379897354,1.609437912,1.609437912,3.737669618,1.609437912,1.791759469,3.871201011,3.931825633,3.850147602,6.040254711,1.609437912,0,2.564949357,3.258096538,5.298317367,2.197224577,2.890371758,3.737669618,3.583518938,1.609437912,5.257495372,7.82084088,2.079441542,3.044522438,4.276666119,2.995732274,6.025865974,0,1.098612289,1.386294361,4.553876892,1.791759469,4.49980967,1.609437912,1.609437912,1.945910149,1.098612289,0.693147181,2.079441542,0,0,1.386294361,1.609437912,5.135798437,3.465735903,1.386294361
Japan,1.791759469,1.791759469,1.098612289,2.197224577,2.079441542,2.197224577,2.772588722,2.63905733,2.079441542,5.365976015,2.079441542,0.693147181,3.663561646,2.079441542,2.197224577,3.80666249,3.871201011,3.784189634,6.033086222,2.079441542,0,2.302585093,3.135494216,5.283203729,1.791759469,2.708050201,3.663561646,3.496507561,2.079441542,5.241747015,7.819636302,1.609437912,2.890371758,4.234106505,2.833213344,6.018593214,1.098612289,0,1.945910149,4.521788577,2.197224577,4.465908119,2.079441542,2.079441542,1.386294361,1.791759469,1.609437912,1.609437912,0,0,1.945910149,2.079441542,5.117993812,3.36729583,1.945910149
Kuwait,0,0,1.386294361,0.693147181,0,0.693147181,3.135494216,3.044522438,0,5.398162702,0,2.197224577,3.828641396,0,0.693147181,3.951243719,4.007333185,3.931825633,6.049733455,0,0,2.833213344,3.401197382,5.318119994,2.564949357,3.091042453,3.828641396,3.688879454,0,5.278114659,7.822444729,2.48490665,3.218875825,4.33073334,3.17805383,6.035481433,1.386294361,1.945910149,0,4.59511985,0.693147181,4.543294782,0,0,2.397895273,0,0.693147181,2.48490665,0,0,0,0,5.159055299,3.583518938,0
France,4.584967479,4.584967479,4.553876892,4.615120517,4.605170186,4.615120517,4.33073334,4.356708827,4.605170186,4.804021045,4.605170186,4.49980967,3.970291914,4.605170186,4.615120517,3.850147602,3.784189634,3.871201011,5.783825182,4.605170186,0,4.406719247,4.234106505,4.65396035,4.454347296,4.343805422,3.970291914,4.077537444,4.605170186,4.574710979,7.781973234,4.465908119,4.304065093,3.135494216,4.317488114,5.765191103,4.553876892,4.521788577,4.59511985,0,4.615120517,1.609437912,4.605170186,4.605170186,4.477336814,4.584967479,4.574710979,4.465908119,0,0,4.59511985,4.605170186,4.317488114,4.143134726,4.59511985
Jordan,1.098612289,1.098612289,1.791759469,0,0,0,3.218875825,3.135494216,0,5.407171771,0,2.397895273,3.871201011,0,0,3.988984047,4.043051268,3.970291914,6.054439346,0,0,2.944438979,3.465735903,5.327876169,2.708050201,3.17805383,3.871201011,3.737669618,0,5.288267031,7.823245691,2.63905733,3.295836866,4.356708827,3.258096538,6.040254711,1.791759469,2.197224577,0.693147181,4.615120517,0,4.564348191,0,0,2.564949357,1.098612289,1.386294361,2.63905733,0,0,0.693147181,0,5.170483995,3.63758616,0.693147181
Germany,4.532599493,4.532599493,4.49980967,4.564348191,4.553876892,4.564348191,4.262679877,4.290459441,4.553876892,4.844187086,4.553876892,4.442651256,3.871201011,4.553876892,4.564348191,3.737669618,3.663561646,3.761200116,5.799092654,4.553876892,0,4.343805422,4.158883083,4.700480366,4.394449155,4.276666119,3.871201011,3.988984047,4.553876892,4.624972813,7.784057003,4.406719247,4.234106505,2.890371758,4.248495242,5.780743516,4.49980967,4.465908119,4.543294782,1.609437912,4.564348191,0,4.553876892,4.553876892,4.418840608,4.532599493,4.521788577,4.406719247,0,0,4.543294782,4.553876892,4.382026635,4.060443011,4.543294782
North Macedonia,0.693147181,0.693147181,1.609437912,0,0,0,3.17805383,3.091042453,0,5.402677382,0,2.302585093,3.850147602,0,0,3.970291914,4.025351691,3.951243719,6.052089169,0,0,2.890371758,3.433987204,5.323009979,2.63905733,3.135494216,3.850147602,3.713572067,0,5.283203729,7.82284529,2.564949357,3.258096538,4.343805422,3.218875825,6.03787092,1.609437912,2.079441542,0,4.605170186,0,4.553876892,0,0,2.48490665,0.693147181,1.098612289,2.564949357,0,0,0,0,5.164785974,3.610917913,0
Colombia,0.693147181,0.693147181,1.609437912,0,0,0,3.17805383,3.091042453,0,5.402677382,0,2.302585093,3.850147602,0,0,3.970291914,4.025351691,3.951243719,6.052089169,0,0,2.890371758,3.433987204,5.323009979,2.63905733,3.135494216,3.850147602,3.713572067,0,5.283203729,7.82284529,2.564949357,3.258096538,4.343805422,3.218875825,6.03787092,1.609437912,2.079441542,0,4.605170186,0,4.553876892,0,0,2.48490665,0.693147181,1.098612289,2.564949357,0,0,0,0,5.164785974,3.610917913,0
Brazil,2.302585093,2.302585093,1.945910149,2.564949357,2.48490665,2.564949357,2.48490665,2.302585093,2.48490665,5.347107531,2.48490665,0.693147181,3.555348061,2.48490665,2.564949357,3.713572067,3.784189634,3.688879454,6.023447593,2.48490665,0,1.791759469,2.944438979,5.262690189,0.693147181,2.397895273,3.555348061,3.36729583,2.48490665,5.220355825,7.818027939,0,2.63905733,4.17438727,2.564949357,6.008813185,1.945910149,1.386294361,2.397895273,4.477336814,2.564949357,4.418840608,2.48490665,2.48490665,0,2.302585093,2.197224577,0,0,0,2.397895273,2.48490665,5.093750201,3.218875825,2.397895273
Egypt,0,0,1.098612289,1.098612289,0.693147181,1.098612289,3.091042453,2.995732274,0.693147181,5.393627546,0.693147181,2.079441542,3.80666249,0.693147181,1.098612289,3.931825633,3.988984047,3.912023005,6.047372179,0.693147181,0,2.772588722,3.36729583,5.313205979,2.48490665,3.044522438,3.80666249,3.663561646,0.693147181,5.272999559,7.822044008,2.397895273,3.17805383,4.317488114,3.135494216,6.033086222,1.098612289,1.791759469,0,4.584967479,1.098612289,4.532599493,0.693147181,0.693147181,2.302585093,0,0,2.397895273,0,0,0,0.693147181,5.153291594,3.555348061,0
Chile,0,0,0.693147181,1.386294361,1.098612289,1.386294361,3.044522438,2.944438979,1.098612289,5.38907173,1.098612289,1.945910149,3.784189634,1.098612289,1.386294361,3.912023005,3.970291914,3.891820298,6.045005314,1.098612289,0,2.708050201,3.33220451,5.308267697,2.397895273,2.995732274,3.784189634,3.63758616,1.098612289,5.267858159,7.821643126,2.302585093,3.135494216,4.304065093,3.091042453,6.03068526,0.693147181,1.609437912,0.693147181,4.574710979,1.386294361,4.521788577,1.098612289,1.098612289,2.197224577,0,0,2.302585093,0,0,0.693147181,1.098612289,5.147494477,3.526360525,0.693147181
Singapore,2.397895273,2.397895273,2.079441542,2.63905733,2.564949357,2.63905733,2.397895273,2.197224577,2.564949357,5.342334252,2.564949357,1.098612289,3.526360525,2.564949357,2.63905733,3.688879454,3.761200116,3.663561646,6.021023349,2.564949357,0,1.609437912,2.890371758,5.257495372,0,2.302585093,3.526360525,3.33220451,2.564949357,5.214935758,7.817625443,0,2.564949357,4.158883083,2.48490665,6.00635316,2.079441542,1.609437912,2.48490665,4.465908119,2.63905733,4.406719247,2.564949357,2.564949357,0,2.397895273,2.302585093,0,0,0,2.48490665,2.564949357,5.087596335,3.17805383,2.48490665
Ukraine,0,0,0,0,0,0,0,0,0,0,0,0,0,0,0,0,0,0,0,0,0,0,0,0,0,0,0,0,0,0,0,0,0,0,0,0,0,0,0,0,0,0,0,0,0,0,0,0,0,0,0,0,0,0,0
United Arab Emirates,0,0,0,0,0,0,0,0,0,0,0,0,0,0,0,0,0,0,0,0,0,0,0,0,0,0,0,0,0,0,0,0,0,0,0,0,0,0,0,0,0,0,0,0,0,0,0,0,0,0,0,0,0,0,0
Thailand,0,0,1.386294361,0.693147181,0,0.693147181,3.135494216,3.044522438,0,5.398162702,0,2.197224577,3.828641396,0,0.693147181,3.951243719,4.007333185,3.931825633,6.049733455,0,0,2.833213344,3.401197382,5.318119994,2.564949357,3.091042453,3.828641396,3.688879454,0,5.278114659,7.822444729,2.48490665,3.218875825,4.33073334,3.17805383,6.035481433,1.386294361,1.945910149,0,4.59511985,0.693147181,4.543294782,0,0,2.397895273,0,0.693147181,2.48490665,0,0,0,0,5.159055299,3.583518938,0
Nigeria,0.693147181,0.693147181,1.609437912,0,0,0,3.17805383,3.091042453,0,5.402677382,0,2.302585093,3.850147602,0,0,3.970291914,4.025351691,3.951243719,6.052089169,0,0,2.890371758,3.433987204,5.323009979,2.63905733,3.135494216,3.850147602,3.713572067,0,5.283203729,7.82284529,2.564949357,3.258096538,4.343805422,3.218875825,6.03787092,1.609437912,2.079441542,0,4.605170186,0,4.553876892,0,0,2.48490665,0.693147181,1.098612289,2.564949357,0,0,0,0,5.164785974,3.610917913,0
China,5.153291594,5.153291594,5.135798437,5.170483995,5.164785974,5.170483995,5.017279837,5.030437921,5.164785974,3.850147602,5.164785974,5.105945474,4.852030264,5.164785974,5.170483995,4.804021045,4.779123493,4.812184355,5.521460918,5.164785974,0,5.056245805,4.9698133,3.401197382,5.081404365,5.023880521,4.852030264,4.8978398,5.164785974,3.091042453,7.750184162,5.087596335,5.003946306,4.584967479,5.010635294,5.497168225,5.135798437,5.117993812,5.159055299,4.317488114,5.170483995,4.382026635,5.164785974,5.164785974,5.093750201,5.153291594,5.147494477,5.087596335,0,0,5.159055299,5.164785974,0,4.927253685,5.159055299
New Zealand,3.555348061,3.555348061,3.465735903,3.63758616,3.610917913,3.63758616,2.564949357,2.708050201,3.610917913,5.220355825,3.610917913,3.295836866,2.302585093,3.610917913,3.63758616,2.772588722,2.944438979,2.708050201,5.96100534,3.610917913,0,2.944438979,1.791759469,5.123963979,3.135494216,2.63905733,2.302585093,1.386294361,3.610917913,5.075173815,7.807916629,3.17805383,2.397895273,3.688879454,2.48490665,5.945420609,3.465735903,3.36729583,3.583518938,4.143134726,3.63758616,4.060443011,3.610917913,3.610917913,3.218875825,3.555348061,3.526360525,3.17805383,0,0,3.583518938,3.610917913,4.927253685,0,3.583518938
Kenya,0,0,1.386294361,0.693147181,0,0.693147181,3.135494216,3.044522438,0,5.398162702,0,2.197224577,3.828641396,0,0.693147181,3.951243719,4.007333185,3.931825633,6.049733455,0,0,2.833213344,3.401197382,5.318119994,2.564949357,3.091042453,3.828641396,3.688879454,0,5.278114659,7.822444729,2.48490665,3.218875825,4.33073334,3.17805383,6.035481433,1.386294361,1.945910149,0,4.59511985,0.693147181,4.543294782,0,0,2.397895273,0,0.693147181,2.48490665,0,0,0,0,5.159055299,3.583518938,0
